ACCEL OFFSET
[[ 1.00089375, -0.08028328]), [ 0.99821309, -0.02526564], [0.98390081, 0.05836787]] - 50 counts
[[ 1.0070142 , -0.07586297]), [ 1.00219487, -0.01387356], [0.9808182 , 0.07008684]] - 1000 counts
GYRO OFFSET
[-1.004638671875, -2.764739990234375, 0.537567138671875] - 50 counts
[-1.0134735107421875, -2.77301025390625, 0.46563720703125] - 1000 counts
IMU POSITION OFFSET
[-1.521810408051832, -3.3836616796424215]
General Model Offsets (with no +c)
([-0.02170324, -0.00964722,  0.01269959, -0.00753307,  0.01092456, 0.02277448], 
[-0.00257502,  0.01208792, -0.02200553, -0.02089668,  0.01394017, -0.00323834], 
[ 0.00626006,  0.00787777,  0.00393221,  0.02008955, -0.02364897, 0.04959052])
(+c) - 90degrees
[-0.02237523, -0.01067424,  0.01183497, -0.00841534,  0.01005385, 0.02190631,  0.50650063]
[-1.03554054e-04,  1.58651331e-02, -1.88255949e-02, -1.76518516e-02, 1.71424971e-02, -4.53268530e-05, -1.86282728e+00]
[ 1.01218468e-03, -1.42721328e-04, -2.82002556e-03,  1.31995222e-02,-3.04487533e-02,  4.28105254e-02,  3.95550216e+00]))
(+c) 45degrees
[-0.02288286, -0.01019273,  0.01084114, -0.01016735,  0.01275605, 0.0210254 , -0.15827488] 
[ 1.41751055e-03,  1.72589736e-02, -2.11304719e-02, -1.81380203e-02, 1.78206054e-02, -3.93356988e-04, -2.76518898e+00]
[ 8.06971406e-03, -1.40381726e-03, -2.19322642e-02,  1.13829698e-01, -5.07213721e-01, -4.24976157e-01,  1.40823415e+02]