[0, 90, 90, 90, 90, 90, -0.08827596067745655, -0.028334080209638558, -1.0232749170850632, -1.5802260627944105, -4.928709743431439]
[0, 180, 90, 90, 90, 90, -0.05672612157098575, -0.005360501663082131, -1.0031253511439844, -0.3056859288536985, -3.2365478830161156]
[0, 180, 0, 90, 90, 90, -0.045720363743147086, -0.036485995177771485, -1.006723487919177, -2.073488194702514, -2.5985982859335417]
[0, 180, 0, 180, 90, 90, -0.020773979333379475, -0.04784927058789617, -1.0048044816390744, -2.7258111922940125, -1.183061081101472]
[0, 180, 0, 180, 0, 90, -0.0486552324972374, -0.060200656903249085, -1.003844978499023, -3.427907335070526, -2.7699214923247735]
[0, 180, 0, 180, 0, 180, -0.07115589294526309, -0.026110830672875035, -1.0091222457693054, -1.4785163746162384, -4.032056810524444]
[0, 180, 0, 180, 0, 90, -0.06210671428681798, -0.04809629831420323, -1.0043247300690488, -2.736534399943757, -3.534582987941602]
[0, 180, 0, 180, 0, 0, -0.06088385230594701, -0.11084134079619605, -1.009601997339331, -6.253978203650012, -3.4304689725113944]
[0, 180, 0, 180, 90, 0, -0.05672612157098575, -0.10762998035420429, -0.9916113134633678, -6.184628702031694, -3.255018093798543]
[0, 180, 0, 180, 90, 180, -0.06699816221030182, -0.01894702660997034, -1.008162742629254, -1.0742992346659186, -3.8013714375444607]
[0, 180, 0, 180, 90, 90, -0.06015013511742444, -0.024628664315032682, -1.0000069659388173, -1.408279244712251, -3.441136651511182]
[0, 180, 0, 180, 90, 0, -0.06357414866386313, -0.10837106353312546, -0.9791377726426999, -6.302632443938503, -3.692441730101225]
[0, 180, 0, 180, 180, 0, 0.010042142584568758, -0.08020990273412082, -1.0024057237889457, -4.574683453881011, 0.5721437095185582]
[0, 180, 0, 180, 180, 180, -0.007322497543798892, -0.0036313075789327215, -1.0076829910592284, -0.20646592896311622, -0.4163393647256954]
[0, 180, 0, 180, 180, 90, 0.01591188009274938, -0.03426274564100796, -1.0028854753589713, -1.9564554203918323, 0.9084543070924083]
[0, 180, 0, 180, 180, 0, -0.0060996355629279325, -0.08020990273412082, -0.997368332303676, -4.597834023604526, -0.34927352007155027]
[0, 180, 0, 90, 180, 0, 0.00637355664195588, -0.07477529275536554, -1.0055241089941127, -4.252858424259505, 0.36216683437413366]
[0, 180, 0, 90, 0, 0, -0.03422546112296005, -0.10219537037544901, -1.0002468417238304, -5.83028733547626, -1.9495846709207016]
[0, 180, 0, 90, 0, 180, -0.05794898355185671, -0.04266168833544794, -1.0045646058540614, -2.427735637876696, -3.2985201371251716]
[0, 180, 0, 90, 0, 90, -0.041073488215837436, -0.0636590450715479, -0.986813797763111, -3.687833944957868, -2.3784698810839187]
[0, 180, 0, 90, 0, 0, -0.027377434030082665, -0.12689814300615485, -1.0024057237889457, -7.212239055019889, -1.552076740803718]
[0, 180, 0, 90, 90, 0, -0.024931710068340746, -0.09848995448084313, -1.0028854753589713, -5.6071159236890775, -1.417263232506842]
[0, 180, 0, 90, 90, 180, -0.026154572049211705, -0.03549788427254325, -1.0040848542840357, -2.024075383224501, -1.4911815653828306]
[0, 180, 0, 90, 90, 90, -0.03129059236886974, -0.0458730487774397, -1.0028854753589713, -2.6176724116267205, -1.7852155194728294]
[0, 180, 0, 90, 90, 0, -0.0060996355629279325, -0.11108836852250312, -0.9925708166034192, -6.385839849165456, -0.3499101303626413]
[0, 180, 0, 90, 180, 0, 0.0012375363222978386, -0.09354939995470196, -1.003844978499023, -5.324074751801764, 0.0703292567222046]
[0, 180, 0, 90, 180, 180, -0.0012081876394440805, 0.006743856925963729, -1.006723487919177, 0.38380795355845126, -0.06876015814238129]
[0, 180, 0, 90, 180, 90, 0.0034386878878655686, -0.024381636588725625, -1.005044357424087, -1.389672749668663, 0.19597501748584858]
[0, 180, 0, 90, 180, 0, 0.011265004565439718, -0.06637635006092554, -1.0026455995739587, -3.787284878140528, 0.6423012527049241]
[0, 180, 0, 0, 180, 0, 0.05430974629209756, -0.07403420957644435, -0.9997670901538046, -4.228893694947339, 3.1009141961690254]
[0, 180, 0, 0, 0, 0, 0.029607934278504153, -0.0915731781442455, -0.997368332303676, -5.2435957861231755, 1.6932685217056953]
[0, 180, 0, 0, 0, 180, 0.004906122264910717, -0.003137252126318605, -1.0028854753589713, -0.17923140116179873, 0.2802877185267275]
[0, 180, 0, 0, 0, 90, -0.009768221505540811, -0.02784002475702444, -1.0045646058540614, -1.5873865951684458, -0.5569033990685073]
[0, 180, 0, 0, 0, 0, 0.0017266811146462169, -0.06859959959768908, -0.9985677112287402, -3.9299247531724837, 0.09884038409765522]
[0, 180, 0, 0, 90, 0, -0.004143056393534392, -0.07724557001843611, -1.0060038605641384, -4.390778784404293, -0.23526909208167335]
[0, 180, 0, 0, 90, 180, 0.02667306552441384, 0.006249801473349612, -1.0069633637041897, 0.3554817461222289, 1.517301861444261]
[0, 180, 0, 0, 90, 90, 0.006128984245781691, -0.021170276146733866, -1.0122406309744725, -1.1981029075397525, 0.34683834551936266]
[0, 180, 0, 0, 90, 0, 0.007107273830478447, -0.053530908292958514, -0.9923309408184063, -3.087726722159033, 0.409761129423813]
[0, 180, 0, 0, 180, 0, 0.03474395459816218, -0.05501307465080086, -1.00360510271401, -3.1356797585616003, 1.9797695472248031]
[0, 180, 0, 0, 180, 180, 0.06556007651611043, -0.0009140025895550789, -1.0031253511439844, -0.05209417793482117, 3.739292976920828]
[0, 180, 0, 0, 180, 90, 0.059690339007929805, 0.009708189641648431, -1.002165848003933, 0.5540370018613261, 3.4084268475502513]
[0, 180, 0, 0, 180, 0, 0.05700004265001368, -0.05945957372432791, -0.9968885807336504, -3.4078188054822007, 3.2666989406849436]
[0, 180, 90, 0, 180, 0, 0.060424056196452386, -0.04562602105113264, -0.9697826170271989, -2.6884414290113097, 3.5613788494286407]
[0, 180, 90, 180, 180, 0, -0.029334013199476205, -0.05600118555602909, -1.023994544440102, -3.129046564005007, -1.6384363634214443]
[0, 180, 90, 180, 0, 0, -0.07262332732230825, -0.11182945170142429, -1.0160786435346778, -6.264831829438974, -4.063757837568281]
[0, 180, 90, 180, 0, 180, -0.07971592681135982, 0.009214134189034315, -1.0475023713713605, 0.5025242972612489, -4.35170746351748]
[0, 180, 90, 180, 0, 90, -0.10295030444790809, -0.044143854693290296, -1.0031253511439844, -2.5066013790993678, -5.854098198974632]
[0, 180, 90, 180, 0, 0, -0.07629191326492113, -0.10590078627005489, -1.0016860964339074, -6.0177358409802695, -4.331391341853226]
[0, 180, 90, 180, 90, 0, -0.07971592681135982, -0.08613856816549022, -1.0002468417238304, -4.906533950584982, -4.539895539290575]
[0, 180, 90, 180, 90, 180, -0.04400835696992775, -0.019441082062584457, -1.0014462206488943, -1.1110716150165563, -2.515759447548359]
[0, 180, 90, 180, 90, 90, -0.04963352208193417, -0.05377793601926557, -0.9978480838737017, -3.0811073892026073, -2.8434575572489345]
[0, 180, 90, 180, 90, 0, -0.05574783198628898, -0.10911214671204664, -1.0000069659388173, -6.217410650721326, -3.1720033867494815]
[0, 180, 90, 180, 180, 0, 0.00197125351082042, -0.05501307465080086, -0.9988075870137533, -3.15258846002207, 0.1129080642771845]
[0, 180, 90, 180, 180, 180, -0.035692895500005206, 0.02477688094637899, -1.0000069659388173, 1.418407591206539, -2.043543630243971]
[0, 180, 90, 180, 180, 90, 0.00735184622665265, -0.006101584842003306, -0.9760193874375328, -0.3581697180341885, 0.4315627016345909]
[0, 180, 90, 180, 180, 0, -0.008300787128495662, -0.05797740736648556, -1.0369478368307954, -3.2000641850399307, -0.4579288286135216]
[0, 180, 90, 90, 180, 0, 0.0009929639261236495, -0.06217687871370556, -0.9985677112287402, -3.56298090059514, 0.05686410084525514]
[0, 180, 90, 90, 0, 0, -0.05770441115568252, -0.10194834264914195, -1.00360510271401, -5.790831826704731, -3.273908351621676]
[0, 180, 90, 90, 0, 180, -0.04841066010106321, -0.02635785839918209, -1.0079228668442415, -1.4962575497601616, -2.748871862545585]
[0, 180, 90, 90, 0, 90, -0.08631938150806302, -0.057730379640178506, -1.0143995130395882, -3.2455362373978702, -4.85599403998205]
[0, 180, 90, 90, 0, 0, -0.06919931377586955, -0.10268942582806313, -0.9976082080886889, -5.863088144810966, -3.947188383919295]
[0, 180, 90, 90, 90, 0, -0.06332957626768894, -0.07650448683951494, -1.0024057237889457, -4.355752776009509, -3.6045496059452153]
[0, 180, 90, 90, 90, 180, -0.03300259914208909, -0.024628664315032682, -1.0002468417238304, -1.4097184683721729, -1.8891852731634435]
[0, 180, 90, 90, 90, 90, -0.06968845856821794, -0.04513196559851852, -1.0031253511439844, -2.569891635106961, -3.9700261161498904]
[0, 180, 90, 90, 90, 0, -0.04596493613932128, -0.10985322989096782, -1.0024057237889457, -6.247550932316051, -2.609833932445665]
[0, 180, 90, 90, 180, 0, -0.024931710068340746, -0.08095098591304199, -1.005044357424087, -4.603519754399726, -1.4164355017673627]
[0, 180, 90, 90, 180, 180, 0.0183576040544913, 0.028729324567291922, -1.006723487919177, 1.6343604354953145, 1.0442478012762542]
[0, 180, 90, 90, 180, 90, 0.008085563415175218, -0.012524305725986822, -1.0100817489093568, -0.7103683466561252, 0.45859967155830944]
[0, 180, 90, 90, 180, 0, -0.008300787128495662, -0.06934068277661025, -0.9997670901538046, -3.967364138971317, -0.4745599532363483]
[0, 180, 90, 0, 180, 0, 0.01419987331953003, -0.047355215135282056, -1.0060038605641384, -2.694803711331453, 0.8077892137630438]
[0, 180, 90, 0, 0, 0, 0.009308425396046191, -0.052789825114037334, -1.022315413945012, -2.955863783300299, 0.5209832234525528]
[0, 180, 90, 0, 0, 180, -0.010501938694063392, 0.003038441031357853, -1.0079228668442415, 0.17271150076791653, -0.5969626014868531]
[0, 180, 90, 0, 0, 90, -0.034959178311482625, -0.018452971157356224, -0.9985677112287402, -1.058025327934343, -2.0047254885817214]
[0, 180, 90, 0, 0, 0, -0.018572827767811745, -0.07452826502905847, -0.995929077593599, -4.278891646442689, -1.0653923379103878]
[0, 180, 90, 0, 90, 0, -0.0016973324317924726, -0.06884662732399613, -1.003844978499023, -3.923363052649973, -0.09665036447230509]
[0, 180, 90, 0, 90, 180, 0.01566730769657519, 0.006002773747042556, -0.9995272143687918, 0.3440498856954745, 0.898005480102019]
[0, 180, 90, 0, 90, 90, -0.015637959013721434, -0.008818889831380948, -1.0033652269289974, -0.5035163566787867, -0.8928771821787507]
[0, 180, 90, 0, 90, 0, -0.02052940693720528, -0.08119801363934905, -0.9964088291636247, -4.657792400246289, -1.1764221252935785]
[0, 180, 90, 0, 180, 0, 0.02691763792058803, -0.039697355619763244, -1.0033652269289974, -2.2648667196593424, 1.5355250288823603]
[0, 180, 90, 0, 180, 180, 0.046483429614523425, 0.043303960419408365, -1.0057639847791258, 2.4627666045448353, 2.643712217045439]
[0, 180, 90, 0, 180, 90, 0.02398276916649772, 0.0015562746735155036, -0.997368332303676, 0.08937734186794956, 1.3774700749286883]
[0, 180, 90, 0, 180, 0, 0.02887421708998157, -0.04216763288283383, -1.0026455995739587, -2.407236434388663, 1.648093543364775]
[0, 180, 180, 0, 180, 0, -0.0016973324317924726, -0.0340157179147009, -1.0012063448638817, -1.9458575375541907, -0.09707670535052845]
[0, 180, 180, 180, 180, 0, -0.0677318793988244, -0.006348612568310364, -0.9997670901538046, -0.3629965013462381, -3.875654700540689]
[0, 180, 180, 180, 0, 0, -0.12153780655714672, -0.06983473822922437, -1.0012063448638817, -3.960968671555012, -6.904734850188047]
[0, 180, 180, 180, 0, 180, -0.11126576591783063, -0.0004199471369409624, -1.0033652269289974, -0.0238343973742031, -6.3278230907284385]
[0, 180, 180, 180, 0, 90, -0.1127332002948758, -0.02759299703071738, -1.006483612134164, -1.5606304940408628, -6.388510392064268]
[0, 180, 180, 180, 0, 0, -0.1249618201035854, -0.0737871818501373, -1.0055241089941127, -4.165019853651825, -7.065325117228972]
[0, 180, 180, 180, 90, 0, -0.10246115965555971, -0.07403420957644435, -0.9985677112287402, -4.218107923594296, -5.842585201432245]
[0, 180, 180, 180, 90, 180, -0.12642925448063055, 0.0027914133050507967, -0.9968885807336504, 0.15916008772141815, -7.227856719320286]
[0, 180, 180, 180, 90, 90, -0.09756971173207586, -0.02759299703071738, -0.9971284565186632, -1.5775799782784603, -5.58651545679214]
[0, 180, 180, 180, 90, 0, -0.10539602840965001, -0.07131690458706672, -1.0091222457693054, -4.020700529001588, -5.947812643977534]
[0, 180, 180, 180, 180, 0, -0.06846559658734698, -0.0191940543362774, -0.9992873385837789, -1.0978142484763849, -3.9187414862056156]
[0, 180, 180, 180, 180, 180, -0.05232381843985028, 0.053432097197997755, -1.0084026184142671, 3.029020256242482, -2.966136090558816]
[0, 180, 180, 180, 180, 90, -0.05623697677863736, 0.01786010460978136, -1.0062437363491514, 1.0152682068440064, -3.198317640017814]
[0, 180, 180, 180, 180, 0, -0.03129059236886974, -0.03846221698822795, -0.9997670901538046, -2.2020724089134847, -1.7913271056584024]
[0, 180, 180, 90, 180, 0, -0.07311247211465663, -0.046861159682667936, -0.9985677112287402, -2.67966414401748, -4.182985245083146]
[0, 180, 180, 90, 0, 0, -0.1124886278987016, -0.06835257187138202, -1.0009664690788687, -3.88210631059309, -6.397223960550481]
[0, 180, 180, 90, 0, 180, -0.11395606227574676, -0.009559973010302123, -0.9995272143687918, -0.5444615942307194, -6.503910736779048]
[0, 180, 180, 90, 0, 90, -0.12789668885767572, -0.028828135662252674, -0.997368332303676, -1.6421882540546922, -7.304378317902527]
[0, 180, 180, 90, 0, 0, -0.1154234966527919, -0.07526934820797965, -1.0024057237889457, -4.266123888224826, -6.5502005785058754]
[0, 180, 180, 90, 90, 0, -0.11933665499157897, -0.07872773637627847, -1.0026455995739587, -4.458313743755881, -6.7668801335151985]
[0, 180, 180, 90, 90, 180, -0.12055951697244995, -0.006595640294617422, -1.0091222457693054, -0.3718367274184981, -6.8126739151828195]
[0, 180, 180, 90, 90, 90, -0.09096625703537267, -0.0221583870519621, -1.0028854753589713, -1.2605501464149897, -5.181546658043185]
[0, 180, 180, 90, 90, 0, -0.09267826380859201, -0.05106063102988793, -0.9925708166034192, -2.932128478042957, -5.327348051923483]
[0, 180, 180, 90, 180, 0, -0.05085638406280513, -0.0221583870519621, -0.9968885807336504, -1.271681731741658, -2.9196990234845943]
[0, 180, 180, 90, 180, 180, -0.049878094478108356, 0.05960779035567422, -1.00192597221892, 3.400495445397702, -2.84493605555303]
[0, 180, 180, 90, 180, 90, -0.06944388617204375, 0.020577409599158998, -0.997368332303676, 1.179088149854869, -3.9820675062138493]
[0, 180, 180, 90, 180, 0, -0.05697069396715994, -0.01894702660997034, -0.995929077593599, -1.0881121750687783, -3.2733638849496898]
[0, 180, 180, 0, 180, 0, -0.005610490770579554, -0.024381636588725625, -1.000726593293856, -1.3956525463056015, -0.32112538333501306]
[0, 180, 180, 0, 0, 0, -0.045475791346972896, -0.046367104230053816, -1.0069633637041897, -2.6337252623090612, -2.5830626079090138]
[0, 180, 180, 0, 0, 180, -0.07066674815291471, 0.02798824138837075, -0.9798573999977384, 1.6318919755678887, -4.12332074851882]
[0, 180, 180, 0, 0, 90, -0.06504158304090829, 0.0015562746735155036, -1.0045646058540614, 0.08857726662829028, -3.7044998486910132]
[0, 180, 180, 0, 0, 0, -0.06797645179499859, -0.046367104230053816, -1.003844978499023, -2.638550133050496, -3.869818513344882]
[0, 180, 180, 0, 90, 0, -0.04474207415845032, -0.039697355619763244, -1.0031253511439844, -2.263973459927156, -2.551857618511751]
[0, 180, 180, 0, 90, 180, -0.07506905128405017, 0.02452985322007193, -1.0052842332091, 1.3939124853918463, -4.26933870139281]
[0, 180, 180, 0, 90, 90, -0.05061181166663094, -0.018452971157356224, -0.9954493260235734, -1.0606193850310184, -2.9100944070859773]
[0, 180, 180, 0, 90, 0, -0.06332957626768894, -0.036485995177771485, -1.0175178982447552, -2.0496604073501707, -3.559172272770875]
[0, 180, 180, 0, 180, 0, -0.028111151218605246, -0.028581107935945618, -1.0093621215543185, -1.6213261368367602, -1.594659866215882]
[0, 180, 180, 0, 180, 180, -0.0034093392050118104, 0.03218771273559074, -0.995929077593599, 1.8511032791224928, -0.19603609287691917]
[0, 180, 180, 0, 180, 90, -0.018817400163985934, 0.03144662955666957, -0.9985677112287402, 1.8034274070315262, -1.0790414816778267]
[0, 180, 180, 0, 180, 0, -0.006588780355276311, -0.02388758113611151, -0.9997670901538046, -1.3686863000258946, -0.37748405510827765]
[0, 90, 180, 0, 180, 0, -0.03398088872678586, -0.03129841292532326, -1.0060038605641384, -1.780974829925211, -1.9336715441486063]
[0, 90, 0, 0, 180, 0, 0.02911878948615576, -0.05797740736648556, -0.9918511892483807, -3.3439081894837717, 1.6787438609250085]
[0, 90, 0, 180, 180, 0, 0.01811303165831711, -0.08095098591304199, -0.9983278354437274, -4.635016712313042, 1.0360248807216763]
[0, 90, 0, 180, 0, 0, -0.04694322572401805, -0.10120725947022077, -1.0033652269289974, -5.753567528659024, -2.6651702879423884]
[0, 90, 0, 180, 0, 180, -0.08607480911188882, -0.046367104230053816, -1.0103216246943698, -2.6181836366441416, -4.864485572969801]
[0, 90, 0, 180, 0, 90, -0.05525868719394059, -0.05575415782972204, -0.9988075870137533, -3.190107567054811, -3.161729088303618]
[0, 90, 0, 180, 0, 0, -0.08460737473484367, -0.10540673081744077, -1.00360510271401, -5.974645626904163, -4.79260056335572]
[0, 90, 0, 180, 90, 0, -0.05648154917481155, -0.10911214671204664, -0.997368332303676, -6.233424151904083, -3.2220482799924977]
[0, 90, 0, 180, 90, 180, -0.05379125281689544, -0.026851913851796208, -0.9985677112287402, -1.538107921204839, -3.0823401404583963]
[0, 90, 0, 180, 90, 90, -0.07653648566109532, -0.04537899332482559, -1.0055241089941127, -2.576544644774341, -4.34832431172732]
[0, 90, 0, 180, 90, 0, -0.06112842470212121, -0.10688889717528312, -1.0074431152742154, -6.04534220904261, -3.4529342624761235]
[0, 90, 0, 180, 180, 0, -0.010746511090237582, -0.08045693046042787, -0.9990474627987661, -4.60403574152813, -0.6143043113803944]
[0, 90, 0, 180, 180, 180, -0.024197992879818164, -0.0048664462104680145, -1.0040848542840357, -0.2776097181310519, -1.380519055056453]
[0, 90, 0, 180, 180, 90, -0.04303006738523098, -0.015488638441671523, -0.9995272143687918, -0.8869609148089828, -2.4647897564769763]
[0, 90, 0, 180, 180, 0, -0.02150769652190205, -0.08119801363934905, -1.006483612134164, -4.611296781204638, -1.2202124367276965]
[0, 90, 0, 90, 180, 0, -0.002431049620315054, -0.06736446096615378, -0.9673838591770706, -3.9833893193160876, -0.1436369842309328]
[0, 90, 0, 90, 0, 0, -0.047676942912540626, -0.09429048313362315, -1.0062437363491514, -5.347328446228439, -2.7008944094976464]
[0, 90, 0, 90, 0, 180, -0.06871016898352117, -0.04167357743021971, -1.0088823699842928, -2.3598930988635116, -3.892816614765006]
[0, 90, 0, 90, 0, 90, -0.04425292936610194, -0.04488493787221147, -0.9985677112287402, -2.5711536727722213, -2.534926382269398]
[0, 90, 0, 90, 0, 0, -0.05085638406280513, -0.10540673081744077, -1.0062437363491514, -5.97250893355131, -2.877595497136301]
[0, 90, 0, 90, 90, 0, -0.06528615543708248, -0.10170131492283489, -1.0002468417238304, -5.793423262639947, -3.7152999525489747]
[0, 90, 0, 90, 90, 180, -0.05134552885515352, -0.02339352568349739, -0.9978480838737017, -1.3412210382096559, -2.9448207799554975]
[0, 90, 0, 90, 90, 90, -0.02884486840712782, -0.05674226873495027, -0.9839352883429567, -3.299103309469922, -1.6764080553229674]
[0, 90, 0, 90, 90, 0, -0.045475791346972896, -0.1004661762912996, -0.9791377726426999, -5.8521688478204625, -2.645307413820335]
[0, 90, 0, 90, 180, 0, -0.011724800674934352, -0.06687040551353966, -0.9978480838737017, -3.833658305809044, -0.6716929045689933]
[0, 90, 0, 90, 180, 180, -0.011969373071108555, -0.011289167094451531, -1.00360510271401, -0.6444251401764918, -0.6832554646162767]
[0, 90, 0, 90, 180, 90, -0.002675622016489243, -0.004372390757853896, -1.006723487919177, -0.24884397737167807, -0.15227621501155894]
[0, 90, 0, 90, 180, 0, -0.010257366297889203, -0.0750223204816726, -1.0148792646096139, -4.227537241162929, -0.5774920837291916]
[0, 90, 0, 0, 180, 0, 0.048929153576265344, -0.0708228491344526, -1.0033652269289974, -4.032767712258763, 2.784901815625623]
[0, 90, 0, 0, 0, 0, 0.01077585977309134, -0.08836181770225374, -1.0055241089941127, -5.02175809019344, 0.6116389760884554]
[0, 90, 0, 0, 0, 180, -0.02273055850277301, 0.012178466904719014, -1.002165848003933, 0.69605347519074, -1.2992317626923373]
[0, 90, 0, 0, 0, 90, -0.01832825537163755, -0.028828135662252674, -0.9856144188380468, -1.67507133530898, -1.0648808377234529]
[0, 90, 0, 0, 0, 0, -0.026399144445385894, -0.07946881955519963, -0.997368332303676, -4.554029456216125, -1.511408711427719]
[0, 90, 0, 0, 90, 0, -0.02150769652190205, -0.07823368092366434, -1.000486717508843, -4.470152228847837, -1.2277643208245623]
[0, 90, 0, 0, 90, 180, -0.02762200642625686, -0.005113473936775073, -1.000486717508843, -0.2927238573466776, -1.5814320988134176]
[0, 90, 0, 0, 90, 90, -0.04033977102731486, -0.014253499810136232, -1.0062437363491514, -0.8108924327798963, -2.295497651292671]
[0, 90, 0, 0, 90, 0, -0.04376378457375355, -0.07329312639752318, -1.003844978499023, -4.17194356990642, -2.4896763632422108]
[0, 90, 0, 0, 180, 0, 0.00515069466108492, -0.05081360330358087, -1.0024057237889457, -2.901895596950972, 0.2940246976807351]
[0, 90, 0, 0, 180, 180, 0.01419987331953003, 0.040833683156337786, -0.9978480838737017, 2.34309875392792, 0.8146106470657581]
[0, 90, 0, 0, 180, 90, 0.03645596137138153, -0.0009140025895550789, -0.9976082080886889, -0.05245901535198713, 2.092848456878277]
[0, 90, 0, 0, 180, 0, 0.0215370452047558, -0.05921254599802085, -1.0088823699842928, -3.35814314082531, 1.220831634236998]
[0, 90, 90, 0, 180, 0, 0.011265004565439718, -0.047355215135282056, -1.0043247300690488, -2.6994014355807585, 0.6419178326753103]
[0, 90, 90, 180, 180, 0, -0.007322497543798892, -0.03772113380930678, -1.0136798856845495, -2.131056087050195, -0.4135928388266694]
[0, 90, 90, 180, 0, 0, -0.08900967786597913, -0.076751514565822, -0.9992873385837789, -4.37479810451099, -5.075213274888862]
[0, 90, 90, 180, 0, 180, -0.0740907616993534, -0.04809629831420323, -1.008162742629254, -2.723996959769677, -4.198403000852576]
[0, 90, 90, 180, 0, 90, -0.09732513933590167, -0.04142654970391265, -0.9942499470985092, -2.3745769965919954, -5.585941714412018]
[0, 90, 90, 180, 0, 0, -0.07164503773761148, -0.10540673081744077, -1.0043247300690488, -5.976343349613825, -4.0581555339188276]
[0, 90, 90, 180, 90, 0, -0.07335704451083082, -0.09898400993345725, -0.991371437678355, -5.68638645138479, -4.211056138382585]
[0, 90, 90, 180, 90, 180, -0.07922678201901144, -0.02339352568349739, -1.00192597221892, -1.3333701302303889, -4.519999840259279]
[0, 90, 90, 180, 90, 90, -0.07555819607639855, -0.0488373814931244, -1.006723487919177, -2.7695333915757403, -4.2871829257474126]
[0, 90, 90, 180, 90, 0, -0.06504158304090829, -0.09848995448084313, -0.9995272143687918, -5.615760348843626, -3.7052277073859874]
[0, 90, 90, 180, 180, 0, -0.03398088872678586, -0.03722707835669266, -0.9995272143687918, -2.131747043493844, -1.9457844511570541]
[0, 90, 90, 180, 180, 180, -0.027377434030082665, 0.028729324567291922, -1.0014462206488943, 1.6426278456358026, -1.5653124414072306]
[0, 90, 90, 180, 180, 90, -0.039116909046443896, -0.0068426680209244806, -1.0045646058540614, -0.3899729841083151, -2.2298716633186895]
[0, 90, 90, 180, 180, 0, -0.04376378457375355, -0.06291796189262673, -1.0016860964339074, -3.590727447326795, -2.496754277375538]
[0, 90, 90, 90, 180, 0, -0.013436807448153704, -0.06242390644001261, -1.0055241089941127, -3.552101880495223, -0.7641263954587308]
[0, 90, 90, 90, 0, 0, -0.10539602840965001, -0.09651373267038667, -1.00192597221892, -5.472214287756498, -5.977586904609928]
[0, 90, 90, 90, 0, 180, -0.06601987262560505, -0.029816246567480907, -1.0031253511439844, -1.6988481346608715, -3.7637868786706727]
[0, 90, 90, 90, 0, 90, -0.06406329345621152, -0.04043843879868442, -1.0074431152742154, -2.2939715710720856, -3.635618914418596]
[0, 90, 90, 90, 0, 0, -0.06259585907916636, -0.09083209496532432, -1.000726593293856, -5.176244565071106, -3.5645961116944362]
[0, 90, 90, 90, 90, 0, -0.0868085263004114, -0.10219537037544901, -0.9971284565186632, -5.829895016613514, -4.949742166152165]
[0, 90, 90, 90, 90, 180, -0.04816608770488902, -0.019688109788891517, -1.0069633637041897, -1.1188233335074358, -2.7380197242701136]
[0, 90, 90, 90, 90, 90, -0.07311247211465663, -0.04142654970391265, -1.002165848003933, -2.3608220432718965, -4.169042849570949]
[0, 90, 90, 90, 90, 0, -0.049878094478108356, -0.08218612454457729, -1.0062437363491514, -4.663634068657558, -2.8283461146280153]
[0, 90, 90, 90, 180, 0, -0.03936148144261809, -0.06637635006092554, -1.0043247300690488, -3.778316992941376, -2.23950604933039]
[0, 90, 90, 90, 180, 180, 0.005395267057259109, 0.004026551936586086, -0.9980879596587146, 0.23114176222272642, 0.30971268853594686]
[0, 90, 90, 90, 180, 90, -0.027377434030082665, -0.006348612568310364, -1.0033652269289974, -0.36238900526460394, -1.562931324204973]
[0, 90, 90, 90, 180, 0, -0.010501938694063392, -0.05797740736648556, -1.0040848542840357, -3.3044968602222955, -0.5982505802301699]
[0, 90, 90, 0, 180, 0, 0.01493359050805261, -0.05945957372432791, -1.000726593293856, -3.3999338010273683, 0.8534420990636477]
[0, 90, 90, 0, 0, 0, -0.028111151218605246, -0.0957726494914655, -1.0048044816390744, -5.44256561001418, -1.5953045306131584]
[0, 90, 90, 0, 0, 180, -0.013436807448153704, 0.006249801473349612, -1.0033652269289974, 0.35684963236365747, -0.7672295060082835]
[0, 90, 90, 0, 0, 90, -0.02762200642625686, -0.01598269389428564, -0.9810567789228027, -0.932970721214116, -1.6125433475450774]
[0, 90, 90, 0, 0, 0, -0.026154572049211705, -0.07699854229212905, -1.0043247300690488, -4.382637942138012, -1.4873935780046768]
[0, 90, 90, 0, 90, 0, -0.025420854860689124, -0.05402496374557263, -1.0000069659388173, -3.0913779190341377, -1.4540644373953182]
[0, 90, 90, 0, 90, 180, -0.018817400163985934, 0.005261690568121379, -0.9947296986685349, 0.3030128942622303, -1.0837255123446523]
[0, 90, 90, 0, 90, 90, -0.032758026745914895, -0.023146497957190332, -0.9961689533786119, -1.3303385642109589, -1.8829282638579927]
[0, 90, 90, 0, 90, 0, -0.05159010125132771, -0.07156393231337377, -1.0043247300690488, -4.070417519683616, -2.9331581554971957]
[0, 90, 90, 0, 180, 0, 0.004906122264910717, -0.03747410608299972, -1.0009664690788687, -2.144007963313285, 0.28062984538709074]
[0, 90, 90, 0, 180, 180, 0.029852506674678342, 0.04305693269310131, -1.0028854753589713, 2.4572858058428713, 1.7034297327187278]
[0, 90, 90, 0, 180, 90, 0.01762388686596872, 0.01094332827318372, -1.0040848542840357, 0.6243348326175403, 1.0055033748471491]
[0, 90, 90, 0, 180, 0, -0.007322497543798892, -0.04612007650374676, -1.027112929645269, -2.5709392032941643, -0.4080552279997215]
[0, 90, 180, 0, 180, 0, -0.025420854860689124, 0.023788770041150757, -0.9815365304928284, 1.3878981353278816, -1.4831387589645968]
[0, 90, 180, 180, 180, 0, -0.08827596067745655, -0.02635785839918209, -0.9808169031377899, -1.5331661905842815, -5.141059819537075]
[0, 90, 180, 180, 0, 0, -0.13890244668551438, -0.05155468648250205, -0.9892125556132393, -2.9544468179188135, -7.982359284463991]
[0, 90, 180, 180, 0, 180, -0.11346691748339836, 0.023294714588536637, -0.9992873385837789, 1.326875527594541, -6.4763217153321495]
[0, 90, 180, 180, 0, 90, -0.11738007582218545, 0.01242549463102607, -1.071250074087632, 0.6605939835048888, -6.252706842564308]
[0, 90, 180, 180, 0, 0, -0.13401099876203051, -0.076751514565822, -0.9925708166034192, -4.382051289316998, -7.66662497458116]
[0, 90, 180, 180, 90, 0, -0.10759717997521775, -0.08342126317611258, -0.9925708166034192, -4.776319809420171, -6.165280217160965]
[0, 90, 180, 180, 90, 180, -0.14697333575926272, -0.013018361178600939, -1.002165848003933, -0.7363674346743049, -8.342582620582727]
[0, 90, 180, 180, 90, 90, -0.1188475101992306, -0.014994582989057407, -1.0088823699842928, -0.8456531964175287, -6.7178101321279495]
[0, 90, 180, 180, 90, 0, -0.1347447159505531, -0.08045693046042787, -0.9798573999977384, -4.650504437460146, -7.803960037191353]
[0, 90, 180, 180, 180, 0, -0.08020507160370821, -0.043896826966983236, -1.0052842332091, -2.4923841735671735, -4.557269745617586]
[0, 90, 180, 180, 180, 180, -0.07506905128405017, 0.047750459492935424, -1.0016860964339074, 2.7216078870573104, -4.281044762144553]
[0, 90, 180, 180, 180, 90, -0.05330210802454705, 0.019342270967623705, -0.9947296986685349, 1.1123663428114998, -3.0666545401829075]
[0, 90, 180, 180, 180, 0, -0.06699816221030182, -0.04241466060914088, -1.00360510271401, -2.414643210082577, -3.815859672207317]
[0, 90, 180, 90, 180, 0, -0.0486552324972374, -0.044143854693290296, -1.0072032394892028, -2.506642663704823, -2.7630040190879295]
[0, 90, 180, 90, 0, 0, -0.1281412612538499, -0.09280831677578079, -0.9956892018085862, -5.281848828796752, -7.302121917641326]
[0, 90, 180, 90, 0, 180, -0.1345001435543789, -0.006595640294617422, -1.0026455995739587, -0.3735538165931872, -7.640181917516974]
[0, 90, 180, 90, 0, 90, -0.11297777269104997, -0.024381636588725625, -1.006723487919177, -1.3787126594649552, -6.40126584515329]
[0, 90, 180, 90, 0, 0, -0.1345001435543789, -0.07625745911320789, -0.9827359094178926, -4.396274621128247, -7.770179281301178]
[0, 90, 180, 90, 90, 0, -0.11933665499157897, -0.07181096003968082, -0.992810692388432, -4.107589620525461, -6.836425413953495]
[0, 90, 180, 90, 90, 180, -0.12153780655714672, -0.005607529389389189, -1.0091222457693054, -0.3160958423625094, -6.867470306137162]
[0, 90, 180, 90, 90, 90, -0.1090646143522629, -0.029816246567480907, -0.9944898228835221, -1.7070672151599389, -6.255765838404751]
[0, 90, 180, 90, 90, 0, -0.12642925448063055, -0.07650448683951494, -1.0043247300690488, -4.322115401667239, -7.154416823325779]
[0, 90, 180, 90, 180, 0, -0.06699816221030182, -0.04809629831420323, -0.9964088291636247, -2.7572854587500126, -3.842296611728902]
[0, 90, 180, 90, 180, 180, -0.05354668042072125, 0.036140156356503673, -1.000486717508843, 2.065817551507836, -3.061590345497718]
[0, 90, 180, 90, 180, 90, -0.05941641792890186, -0.002149141221090372, -0.9976082080886889, -0.12321341331097314, -3.4084376054408243]
[0, 90, 180, 90, 180, 0, -0.06601987262560505, -0.04463791014590441, -1.00192597221892, -2.545447880986989, -3.766213724792875]
[0, 90, 180, 0, 180, 0, -0.01734996578694078, -0.02339352568349739, -0.985374543053034, -1.359778332036437, -1.0084461518331143]
[0, 90, 180, 0, 0, 0, -0.05892727313655348, -0.05130765875619499, -0.9949695744535477, -2.9468058508216166, -3.384907812908234]
[0, 90, 180, 0, 0, 180, -0.08631938150806302, 0.01687199370455312, -1.0026455995739587, 0.960500045523666, -4.919860512424256]
[0, 90, 180, 0, 0, 90, -0.0740907616993534, 0.004273579662893146, -0.9935303197434705, 0.24576860318314805, -4.264797710250519]
[0, 90, 180, 0, 0, 0, -0.06210671428681798, -0.043649799240676176, -1.023754668655089, -2.436964960472742, -3.468485839450441]
[0, 90, 180, 0, 90, 0, -0.07286789971848244, -0.04043843879868442, -0.9961689533786119, -2.318398641254883, -4.180197670910594]
[0, 90, 180, 0, 90, 180, -0.0772702028496179, 0.022553631409615464, -1.0057639847791258, 1.2808337022224496, -4.392154186443433]
[0, 90, 180, 0, 90, 90, -0.08216165077310175, -0.009807000736609181, -1.0206362834499219, -0.5487466911694392, -4.60219827975063]
[0, 90, 180, 0, 90, 0, -0.08852053307363075, -0.0653882391556973, -1.0057639847791258, -3.705480236456125, -5.019283406100636]
[0, 90, 180, 0, 180, 0, -0.015393386617547244, -0.028334080209638558, -1.00192597221892, -1.6196797768744369, -0.8798597345707648]
[0, 90, 180, 0, 180, 180, -0.03618204029235359, 0.05516129128214717, -0.9961689533786119, 3.167342787325201, -2.0769574312610737]
[0, 90, 180, 0, 180, 90, -0.0486552324972374, 0.016624965978246066, -1.0069633637041897, 0.9447654019282917, -2.7659338102254276]
[0, 90, 180, 0, 180, 0, -0.027132861633908475, -0.0191940543362774, -1.005044357424087, -1.0936872937909914, -1.5461384583497184]
[0, 0, 180, 0, 180, 0, -0.07066674815291471, -0.004372390757853896, -1.000486717508843, -0.24977380062089105, -4.040188361949088]
[0, 0, 0, 0, 180, 0, -0.02273055850277301, -0.03475680109362207, -0.995929077593599, -1.9982269164526894, -1.3066663780342094]
[0, 0, 0, 180, 180, 0, -0.06626444502177925, -0.06736446096615378, -1.002165848003933, -3.8372189602304454, -3.7744682208447986]
[0, 0, 0, 180, 0, 0, -0.11517892425661772, -0.0886088454285608, -1.000486717508843, -5.028198896304947, -6.541762517967471]
[0, 0, 0, 180, 0, 180, -0.14232646023195306, -0.033768690188393846, -0.9940100713134962, -1.9260854958681628, -8.14382639679595]
[0, 0, 0, 180, 0, 90, -0.13205441959263697, -0.06588229460831144, -0.9932904439584577, -3.7617155795853194, -7.556450739999081]
[0, 0, 0, 180, 0, 0, -0.1283858336500241, -0.0957726494914655, -0.9908916861083293, -5.475176379992362, -7.348587637469404]
[0, 0, 0, 180, 90, 0, -0.10661889039052097, -0.09799589902822901, -0.9817764062778412, -5.666991506890194, -6.167505065181741]
[0, 0, 0, 180, 90, 180, -0.1254509648959338, -0.0028902244000115467, -0.9992873385837789, -0.16442467031738092, -7.155472836384363]
[0, 0, 0, 180, 90, 90, -0.13058698521559184, -0.028828135662252674, -0.9978480838737017, -1.6408485832959303, -7.452772305972284]
[0, 0, 0, 180, 90, 0, -0.11493435186044351, -0.11108836852250312, -0.9942499470985092, -6.333432718111427, -6.553647067747815]
[0, 0, 0, 180, 180, 0, -0.06626444502177925, -0.05451901919818675, -0.9944898228835221, -3.1309475185313005, -3.8063757527492013]
[0, 0, 0, 180, 180, 180, -0.014415097032850474, -0.001161030315862139, -1.0091222457693054, -0.06591403753801736, -0.8184018408295333]
[0, 0, 0, 180, 180, 90, -0.06528615543708248, -0.009807000736609181, -1.0084026184142671, -0.5560360645147581, -3.7041075950144515]
[0, 0, 0, 180, 180, 0, -0.06895474137969536, -0.06168282326109144, -1.000486717508843, -3.5196521887068375, -3.9352104665971157]
[0, 0, 0, 90, 180, 0, -0.05770441115568252, -0.05624821328233615, -1.0072032394892028, -3.191194390823314, -3.2738994266122177]
[0, 0, 0, 90, 0, 0, -0.10882004195608871, -0.07403420957644435, -0.9971284565186632, -4.22129988761877, -6.211273626139909]
[0, 0, 0, 90, 0, 180, -0.1122440555025274, -0.022652442504576216, -0.9990474627987661, -1.2907859319794242, -6.40872692748795]
[0, 0, 0, 90, 0, 90, -0.10784175237139194, -0.03574491199885031, -0.9947296986685349, -2.0460195798470524, -6.18348860908617]
[0, 0, 0, 90, 0, 0, -0.10930918674843709, -0.08515045726026198, -1.006723487919177, -4.806554572629953, -6.174973515824891]
[0, 0, 0, 90, 90, 0, -0.11762464821835963, -0.11034728534358193, -0.9952094502385606, -6.283641062033563, -6.699884479120569]
[0, 0, 0, 90, 90, 180, -0.10710803518286936, -0.007089695747231539, -0.9971284565186632, -0.4050426158320455, -6.130849193679102]
[0, 0, 0, 90, 90, 90, -0.1027057320517339, -0.03154544065163031, -1.0079228668442415, -1.7833992123663998, -5.815438429032642]
[0, 0, 0, 90, 90, 0, -0.1058851732019984, -0.08959695633378903, -1.0055241089941127, -5.064024751279006, -5.987740161342548]
[0, 0, 0, 90, 180, 0, -0.06235128668299217, -0.0589655182717138, -0.9956892018085862, -3.382533737365096, -3.5770028452158553]
[0, 0, 0, 90, 180, 180, -0.03544832310383101, 0.007484940104884905, -0.9995272143687918, 0.4287807511139563, -2.031091815459481]
[0, 0, 0, 90, 180, 90, -0.03985062623496648, -0.007830778926152714, -1.003844978499023, -0.44659125047969905, -2.2732643895126636]
[0, 0, 0, 90, 180, 0, -0.07262332732230825, -0.05822443509279262, -1.0012063448638817, -3.319544518641378, -4.14175743585279]
[0, 0, 0, 0, 180, 0, -0.012703090259631122, -0.01894702660997034, -0.9971284565186632, -1.0884916322459552, -0.7297582804545841]
[0, 0, 0, 0, 0, 0, -0.04033977102731486, -0.07205798776598789, -0.9822561578478669, -4.192162514133382, -2.3454336183595674]
[0, 0, 0, 0, 0, 180, -0.07384618930317921, 0.0037795242102790297, -1.0028854753589713, 0.21534371538850716, -4.21127149959677]
[0, 0, 0, 0, 0, 90, -0.06210671428681798, -0.011042139368144473, -0.9983278354437274, -0.6324792170137566, -3.559608068713724]
[0, 0, 0, 0, 0, 0, -0.07384618930317921, -0.06217687871370556, -1.000486717508843, -3.5465432941779294, -4.213262775594104]
[0, 0, 0, 0, 90, 0, -0.05917184553272767, -0.060200656903249085, -1.002165848003933, -3.4316959992515264, -3.372980897024813]
[0, 0, 0, 0, 90, 180, -0.08900967786597913, 0.013166577809947247, -0.9995272143687918, 0.7517280667471208, -5.0884284092583645]
[0, 0, 0, 0, 90, 90, -0.0868085263004114, 0.0025443855787437367, -1.005044357424087, 0.14451250987215714, -4.936531274775724]
[0, 0, 0, 0, 90, 0, -0.0613729970982954, -0.05871849054540674, -1.0033652269289974, -3.342984296046226, -3.4942952845058914]
[0, 0, 0, 0, 180, 0, -0.01710539339076659, -0.04859035376681735, -0.9810567789228027, -2.8350316510237716, -0.9976670593489165]
[0, 0, 0, 0, 180, 180, -0.02370884808746978, 0.0591137349030601, -1.0026455995739587, 3.3731839743053276, -1.3522328764928901]
[0, 0, 0, 0, 180, 90, -0.020773979333379475, 0.02181254823069429, -1.0009664690788687, 1.2480940024742233, -1.1886593024665555]
[0, 0, 0, 0, 180, 0, -0.026154572049211705, -0.032780579283165606, -0.9808169031377899, -1.9135307659101413, -1.526641610557775]
[0, 0, 90, 0, 180, 0, -0.032513454349740706, -0.029075163388559734, -0.9997670901538046, -1.6649230280683909, -1.8618745930074088]
[0, 0, 90, 180, 180, 0, -0.1063743179943468, -0.05229576966142322, -0.9908916861083293, -3.003839030981614, -6.118905802530131]
[0, 0, 90, 180, 0, 0, -0.10833089716374034, -0.11207647942773134, -0.9952094502385606, -6.387929627035602, -6.173601215488171]
[0, 0, 90, 180, 0, 180, -0.1286304060461983, -0.027098941578103268, -0.9908916861083293, -1.553508366077899, -7.393629539798684]
[0, 0, 90, 180, 0, 90, -0.13523386074290147, -0.03722707835669266, -0.9901720587532908, -2.1333249804419854, -7.771694458870597]
[0, 0, 90, 180, 0, 0, -0.14575047377839176, -0.09601967721777255, -0.9848947914830081, -5.508683295478173, -8.378711683040676]
[0, 0, 90, 180, 90, 0, -0.13425557115820472, -0.07452826502905847, -1.000726593293856, -4.221509632930572, -7.62021399711744]
[0, 0, 90, 180, 90, 180, -0.14892991492865626, -0.00857186210507389, -0.9976082080886889, -0.4869013801031382, -8.490498421639877]
[0, 0, 90, 180, 90, 90, -0.11958122738775318, -0.01573566616797858, -0.9812966547078156, -0.9119475298073099, -6.946947120006473]
[0, 0, 90, 180, 90, 0, -0.14819619774013368, -0.0666233777872326, -0.9961689533786119, -3.784692706773316, -8.443024604865217]
[0, 0, 90, 180, 180, 0, -0.07140046534143729, -0.05600118555602909, -0.9980879596587146, -3.2032423291543175, -4.085407904779884]
[0, 0, 90, 180, 180, 180, -0.05305753562837286, 0.019836326420237825, -1.0086424941992798, 1.125099055919238, -3.0105686640565823]
[0, 0, 90, 180, 180, 90, -0.05574783198628898, 0.012919550083640187, -1.0045646058540614, 0.7356996892592902, -3.176081751361698]
[0, 0, 90, 180, 180, 0, -0.06210671428681798, -0.05501307465080086, -0.9980879596587146, -3.1487851114235927, -3.5552959842460274]
[0, 0, 90, 90, 180, 0, -0.08118336118840498, -0.04513196559851852, -0.9947296986685349, -2.5891931915923383, -4.660993826147177]
[0, 0, 90, 90, 0, 0, -0.14697333575926272, -0.06118876780847732, -0.9983278354437274, -3.4700332323864256, -8.359433139438579]
[0, 0, 90, 90, 0, 180, -0.10857546955991451, -0.003137252126318605, -0.9824960336328797, -0.1818460865734467, -6.306126871096953]
[0, 0, 90, 90, 0, 90, -0.12324981333036605, -0.0340157179147009, -0.9978480838737017, -1.9376905666824107, -7.037213551970113]
[0, 0, 90, 90, 0, 0, -0.13425557115820472, -0.0695877105029173, -1.008162742629254, -3.9140926595632464, -7.567570275415969]
[0, 0, 90, 90, 90, 0, -0.1186029378030564, -0.06835257187138202, -0.988253052473188, -3.9284637652205543, -6.8273355928029575]
[0, 0, 90, 90, 90, 180, -0.11297777269104997, -0.01178322254706565, -0.9971284565186632, -0.6727376538818302, -6.463775894693476]
[0, 0, 90, 90, 90, 90, -0.09243369141241782, -0.0280870524833315, -1.0069633637041897, -1.5910411482761821, -5.2427111874543595]
[0, 0, 90, 90, 90, 0, -0.11689093102983705, -0.06761148869246084, -1.005044357424087, -3.822919564316435, -6.619110710623878]
[0, 0, 90, 90, 180, 0, -0.08313994035779852, -0.050319547850966755, -1.003844978499023, -2.859877396171883, -4.728606368821655]
[0, 0, 90, 90, 180, 180, -0.07506905128405017, 0.02181254823069429, -0.9908916861083293, 1.2574489930859476, -4.331354871933294]
[0, 0, 90, 90, 180, 90, -0.07164503773761148, 0.0025443855787437367, -0.9964088291636247, 0.14593090491531716, -4.112661787847219]
[0, 0, 90, 90, 180, 0, -0.06186214189064378, -0.053036852840344394, -1.0024057237889457, -3.0229304522855593, -3.5265342296675475]
[0, 0, 90, 0, 180, 0, -0.05036723927045675, -0.02784002475702444, -0.9985677112287402, -1.5949636051970186, -2.886402737519085]
[0, 0, 90, 0, 0, 0, -0.06601987262560505, -0.06514121142939025, -1.0026455995739587, -3.7092342394792004, -3.75933791124701]
[0, 0, 90, 0, 0, 180, -0.06284043147534055, 0.018601187788702532, -1.0040848542840357, 1.0592404063025143, -3.580560322041589]
[0, 0, 90, 0, 0, 90, -0.07873763722666305, 0.009461161915341371, -0.9949695744535477, 0.5431110799960885, -4.524509708111755]
[0, 0, 90, 0, 0, 0, -0.0613729970982954, -0.06341201734524085, -0.9988075870137533, -3.6258826513197806, -3.509143568612016]
[0, 0, 90, 0, 90, 0, -0.07506905128405017, -0.05451901919818675, -1.0000069659388173, -3.111860115503469, -4.286715577480387]
[0, 0, 90, 0, 90, 180, -0.0613729970982954, 0.03391690681974015, -0.9968885807336504, 1.944929747582613, -3.5209104131456104]
[0, 0, 90, 0, 90, 90, -0.06895474137969536, 0.003285468757664913, -1.0026455995739587, 0.18730369949839337, -3.9341751910290763]
[0, 0, 90, 0, 90, 0, -0.07971592681135982, -0.05402496374557263, -1.0026455995739587, -3.0745689024266727, -4.539215483006013]
[0, 0, 90, 0, 180, 0, -0.038872336650269707, -0.04266168833544794, -1.0086424941992798, -2.420152489520237, -2.2050751920026253]
[0, 0, 90, 0, 180, 180, -0.031779737161218125, 0.054914263555840115, -0.9995272143687918, 3.143097232102777, -1.8183522317341574]
[0, 0, 90, 0, 180, 90, -0.038138619461747125, 0.014895771894096653, -1.006483612134164, 0.8472970707173291, -2.169829682440426]
[0, 0, 90, 0, 180, 0, -0.02126312412572786, -0.024628664315032682, -0.9995272143687918, -1.4111812282921097, -1.2183100400400377]
[0, 0, 180, 0, 180, 0, -0.07433533409552759, -0.007336723473538597, -0.9968885807336504, -0.420500297275196, -4.264386792637774]
[0, 0, 180, 180, 180, 0, -0.11346691748339836, -0.03549788427254325, -1.008162742629254, -2.0039365672474534, -6.417570989091606]
[0, 0, 180, 180, 0, 0, -0.15479965243683685, -0.09182020587055256, -1.009601997339331, -5.136874775707782, -8.681842951521254]
[0, 0, 180, 180, 0, 180, -0.15748994879475298, 0.026012019577914283, -0.9870536735481238, 1.490729978587201, -9.062354877901894]
[0, 0, 180, 180, 0, 90, -0.16996314099963677, -0.01005402846291624, -1.0045646058540614, -0.56538218677386, -9.602508737850656]
[0, 0, 180, 180, 0, 0, -0.16727284464172068, -0.06637635006092554, -0.9839352883429567, -3.8049024245326395, -9.626793562167071]
[0, 0, 180, 180, 90, 0, -0.17852317486573352, -0.05674226873495027, -1.008162742629254, -3.172124525791678, -10.026167631871626]
[0, 0, 180, 180, 90, 180, -0.16825113422641746, 0.027000130483142516, -0.991371437678355, 1.5380893488306655, -9.628700231826478]
[0, 0, 180, 180, 90, 90, -0.16433797588763038, -0.008818889831380948, -0.9932904439584577, -0.5018629078923347, -9.394011143758771]
[0, 0, 180, 180, 90, 0, -0.15479965243683685, -0.057730379640178506, -0.986813797763111, -3.3077310388343073, -8.900255917463666]
[0, 0, 180, 180, 180, 0, -0.10295030444790809, -0.03203949610424443, -0.9983278354437274, -1.8284818041259183, -5.884677842546254]
[0, 0, 180, 180, 180, 180, -0.1190920825954048, 0.04824451494554953, -0.9880131766881751, 2.775464605549871, -6.864997806143301]
[0, 0, 180, 180, 180, 90, -0.10784175237139194, 0.029717435472520155, -1.0033652269289974, 1.6867678872273422, -6.131935359701693]
[0, 0, 180, 180, 180, 0, -0.10295030444790809, -0.02536974749395386, -1.0052842332091, -1.4381135854794245, -5.845379574351407]
[0, 0, 180, 90, 180, 0, -0.09267826380859201, -0.0399443833460703, -0.9820162820628541, -2.3189795585344406, -5.38692011604899]
[0, 0, 180, 90, 0, 0, -0.15235392847509494, -0.09206723359685962, -0.9829757852029054, -5.288037610252216, -8.772522954074585]
[0, 0, 180, 90, 0, 180, -0.14648419096691434, -0.0001729194106339059, -1.0076829910592284, -0.00972974762723803, -8.27099938391295]
[0, 0, 180, 90, 0, 90, -0.16238139671823681, -0.01721783252582093, -0.9870536735481238, -0.986094914106844, -9.340723796403436]
[0, 0, 180, 90, 0, 0, -0.16996314099963677, -0.05081360330358087, -0.995929077593599, -2.879218033175541, -9.672333023991776]
[0, 0, 180, 90, 90, 0, -0.16238139671823681, -0.0488373814931244, -0.9863340461930853, -2.7970401253959256, -9.337578096033257]
[0, 0, 180, 90, 90, 180, -0.14501675658986918, 0.03119960183036251, -0.997368332303676, 1.7731055325925311, -8.268809834946358]
[0, 0, 180, 90, 90, 90, -0.14354932221282402, -0.01005402846291624, -0.9791377726426999, -0.5820846049229773, -8.340161296453616]
[0, 0, 180, 90, 90, 0, -0.15259850087126914, -0.05106063102988793, -0.9887328040432136, -2.9217387408099844, -8.762163864883577]
[0, 0, 180, 90, 180, 0, -0.11175491071017901, -0.022405414778269156, -1.00192597221892, -1.2731617853280377, -6.362891696037338]
[0, 0, 180, 90, 180, 180, -0.1000154356938178, 0.05886670717675305, -1.008162742629254, 3.325424033902975, -5.655956180192226]
[0, 0, 180, 90, 180, 90, -0.09781428412825005, 0.03638718408281073, -1.000486717508843, 2.073024714099882, -5.580207489576721]
[0, 0, 180, 90, 180, 0, -0.0931674086009404, -0.029075163388559734, -0.991371437678355, -1.6725364953929442, -5.36649777956931]
[0, 0, 180, 0, 180, 0, -0.06699816221030182, -0.01178322254706565, -0.9839352883429567, -0.6845340090168758, -3.8950952339199194]
[0, 0, 180, 0, 0, 0, -0.11346691748339836, -0.03475680109362207, -1.0026455995739587, -1.9727860319702744, -6.45270896193388]
[0, 0, 180, 0, 0, 180, -0.09096625703537267, 0.04305693269310131, -0.9980879596587146, 2.4599916014196763, -5.202767578348726]
[0, 0, 180, 0, 0, 90, -0.09536856016650813, 0.01390766098886842, -1.0093621215543185, 0.7859095505911611, -5.397001032448551]
[0, 0, 180, 0, 0, 0, -0.11517892425661772, -0.04537899332482559, -1.0055241089941127, -2.567223099718591, -6.527944420100559]
[0, 0, 180, 0, 90, 0, -0.10417316642877905, -0.033521662462086786, -0.9800972757827512, -1.9479249118606687, -6.06359018519523]
[0, 0, 180, 0, 90, 180, -0.1188475101992306, 0.03070554637774839, -0.9966487049486376, 1.7522491939418054, -6.797051553579852]
[0, 0, 180, 0, 90, 90, -0.1159126414451403, 0.015142799620403713, -1.0093621215543185, 0.8538954610133952, -6.550277557522319]
[0, 0, 180, 0, 90, 0, -0.11371148987957255, -0.030310302020095027, -1.000726593293856, -1.7237752352320501, -6.47970687664626]
[0, 0, 180, 0, 180, 0, -0.07800392003814048, 0.010696300546876664, -0.9949695744535477, 0.6140436378823777, -4.482464534618573]
[0, 0, 180, 0, 180, 180, -0.06797645179499859, 0.0781348698287036, -0.9976082080886889, 4.468070612043736, -3.8862112821492487]
[0, 0, 180, 0, 180, 90, -0.05452497000541802, 0.04700937631401424, -0.9978480838737017, 2.6932413189836004, -3.124219259396233]
[0, 0, 180, 0, 180, 0, -0.04400835696992775, -0.0038783353052397797, -0.9966487049486376, -0.22274128146375097, -2.528310304670881]
[90, 0, 180, 0, 180, 0, -0.06504158304090829, -0.030063274293787967, -1.008162742629254, -1.7045046565198272, -3.6896839313902383]
[90, 180, 180, 0, 180, 0, -0.01734996578694078, -0.049578464672045575, -1.0014462206488943, -2.833795984880196, -0.9913310794191421]
[90, 180, 0, 0, 180, 0, 0.047950863991568574, -0.09972509311237843, -1.0088823699842928, -5.638858885792907, 2.707968454589433]
[90, 180, 0, 180, 180, 0, -0.012947662655805318, -0.11677000622756545, -0.9971284565186632, -6.678715721543855, -0.7388922713940406]
[90, 180, 0, 180, 0, 0, -0.052079246043676086, -0.14419008384764892, -0.9793776484277127, -8.363625866675715, -3.0114832099253785]
[90, 180, 0, 180, 0, 180, -0.0872976710927598, -0.09503156631254432, -0.9808169031377899, -5.512469738798692, -5.062628267705225]
[90, 180, 0, 180, 0, 90, -0.07140046534143729, -0.09824292675453608, -0.989692307183265, -5.654358739665732, -4.106291545642067]
[90, 180, 0, 180, 0, 0, -0.05868270074037928, -0.15011874927901833, -0.9935303197434705, -8.577460586574771, -3.342387657663687]
[90, 180, 0, 180, 90, 0, -0.06895474137969536, -0.16024688605760773, -0.9841751641279696, -9.225719975960766, -3.9558662840565058]
[90, 180, 0, 180, 90, 180, -0.06553072783325667, -0.09379642768100903, -1.0012063448638817, -5.340682062211911, -3.728489254953695]
[90, 180, 0, 180, 90, 90, -0.07604734086874694, -0.09058506723901727, -1.000486717508843, -5.15871067896208, -4.3290734746578785]
[90, 180, 0, 180, 90, 0, -0.05721526636333413, -0.16049391378391478, -0.9930505681734448, -9.165650400633451, -3.2553405801878244]
[90, 180, 0, 180, 180, 0, -0.011235655882585974, -0.11800514485910074, -1.0086424941992798, -6.672518479024353, -0.6338901650643244]
[90, 180, 0, 180, 180, 180, 0.006862701434304258, -0.05995362917694203, -1.0012063448638817, -3.426778621064123, 0.3920217088556602]
[90, 180, 0, 180, 180, 90, -0.040095198631140666, -0.08144504136565611, -1.006483612134164, -4.622665560021448, -2.2738558886494347]
[90, 180, 0, 180, 180, 0, 0.004416977472562339, -0.11133539624881017, -0.9956892018085862, -6.380101300921987, 0.25259399254432585]
[90, 180, 0, 90, 180, 0, 0.007596418622826839, -0.11034728534358193, -1.009601997339331, -6.237368659070268, 0.42854314362581136]
[90, 180, 0, 90, 0, 0, -0.07311247211465663, -0.13035653117445367, -1.006723487919177, -7.3587785914835395, -4.1194952535029685]
[90, 180, 0, 90, 0, 180, -0.07017760336056632, -0.09256128904947374, -0.9822561578478669, -5.369669672969139, -4.068607798391472]
[90, 180, 0, 90, 0, 90, -0.08558566431954044, -0.09873698220715019, -0.9846549156979952, -5.704867100348722, -4.942967225206955]
[90, 180, 0, 90, 0, 0, -0.05794898355185671, -0.13060355890076072, -0.9961689533786119, -7.456745988649786, -3.3010626974956314]
[90, 180, 0, 90, 90, 0, -0.030312302784172976, -0.14097872340565717, -1.0012063448638817, -8.011435480521463, -1.7172148035382744]
[90, 180, 0, 90, 90, 180, -0.05476954240159221, -0.0844093740813408, -1.0048044816390744, -4.794817260066252, -3.1090421657205916]
[90, 180, 0, 90, 90, 90, -0.012947662655805318, -0.09206723359685962, -0.9971284565186632, -5.27485577018475, -0.7407903313268773]
[90, 180, 0, 90, 90, 0, -0.029578585595650395, -0.1427079174898066, -0.9916113134633678, -8.185910443048071, -1.6911451999584446]
[90, 180, 0, 90, 180, 0, -0.0007190428470957022, -0.12146353302739957, -0.9971284565186632, -6.945170572981264, -0.04101358698242777]
[90, 180, 0, 90, 180, 180, 0.00417240507638815, -0.05130765875619499, -1.0045646058540614, -2.9237888779817274, 0.23766379080809677]
[90, 180, 0, 90, 180, 90, 0.02178161760092999, -0.06736446096615378, -1.0026455995739587, -3.842834392252803, 1.24170749244235]
[90, 180, 0, 90, 180, 0, 0.005395267057259109, -0.1123235071540384, -0.9925708166034192, -6.456271021252912, 0.3094615458109125]
[90, 180, 0, 0, 180, 0, 0.02691763792058803, -0.09552562176515843, -0.9944898228835221, -5.4847108594085, 1.5433337386560155]
[90, 180, 0, 0, 0, 0, 0.007596418622826839, -0.1264040875535407, -0.9889726798282265, -7.283471692729718, 0.43653604146335784]
[90, 180, 0, 0, 0, 180, -0.004876773582056973, -0.05377793601926557, -1.005044357424087, -3.062826992800691, -0.2776168160064618]
[90, 180, 0, 0, 0, 90, -0.012947662655805318, -0.07428123730275141, -1.0009664690788687, -4.243758913070664, -0.7390568227174522]
[90, 180, 0, 0, 0, 0, -0.0009636152432698913, -0.12912139254291838, -1.006483612134164, -7.3105184831779875, -0.05440949413776527]
[90, 180, 0, 0, 90, 0, 0.01053128737691715, -0.10145428719652784, -0.997368332303676, -5.807940492197659, 0.6018623704208191]
[90, 180, 0, 0, 90, 180, 0.0183576040544913, -0.04859035376681735, -1.0060038605641384, -2.7647984517252766, 1.0442029096980188]
[90, 180, 0, 0, 90, 90, -0.027132861633908475, -0.06884662732399613, -0.9985677112287402, -3.942587182883635, -1.5527610054274164]
[90, 180, 0, 0, 90, 0, -0.005855063166753743, -0.11578189532233722, -0.9817764062778412, -6.725765567649718, -0.33934177866184406]
[90, 180, 0, 0, 180, 0, 0.040124547313994424, -0.09132615041793844, -0.9968885807336504, -5.23011274829794, 2.2952971520241388]
[90, 180, 0, 0, 180, 180, 0.02006961082771065, -0.03895627244084207, -1.0048044816390744, -2.2198032395105725, 1.1433947965708375]
[90, 180, 0, 0, 180, 90, 0.06482635932758785, -0.04216763288283383, -1.0033652269289974, -2.401506836524648, 3.69343014160822]
[90, 180, 0, 0, 180, 0, 0.05553260827296855, -0.08589154043918316, -0.9980879596587146, -4.9109742689790234, 3.172893057722175]
[90, 180, 90, 0, 180, 0, 0.03205365824024607, -0.07996287500781377, -0.9985677112287402, -4.575990462858685, 1.8326797226295002]
[90, 180, 90, 180, 180, 0, -0.025176282464514935, -0.08416234635503375, -1.0048044816390744, -4.786418840898164, -1.430290716467905]
[90, 180, 90, 180, 0, 0, -0.09561313256268232, -0.1283803093639972, -0.9916113134633678, -7.34316083608497, -5.462238356564115]
[90, 180, 90, 180, 0, 180, -0.08876510546980494, -0.07304609867121611, -1.0002468417238304, -4.160492988068545, -5.057926696308336]
[90, 180, 90, 180, 0, 90, -0.0740907616993534, -0.09231426132316667, -0.9954493260235734, -5.283711513605649, -4.238525629311742]
[90, 180, 90, 180, 0, 0, -0.06993303096439213, -0.15950580287868654, -1.009601997339331, -8.9567719684147, -3.91403697980296]
[90, 180, 90, 180, 90, 0, -0.06186214189064378, -0.1259100321009266, -0.9884929282582008, -7.244980711339293, -3.5524025609581593]
[90, 180, 90, 180, 90, 180, -0.08876510546980494, -0.06761148869246084, -1.0323901969155513, -3.7332294252550753, -4.903762786878167]
[90, 180, 90, 180, 90, 90, -0.06406329345621152, -0.07872773637627847, -1.0028854753589713, -4.479490900427662, -3.6438495111146683]
[90, 180, 90, 180, 90, 0, -0.07066674815291471, -0.1348030302479807, -0.9832156609879182, -7.786980892722009, -4.072982924866467]
[90, 180, 90, 180, 180, 0, 0.0027049706993429873, -0.09231426132316667, -1.0002468417238304, -5.2729557309691275, 0.15428908124764976]
[90, 180, 90, 180, 180, 180, -0.006833352751450514, -0.043155743788062056, -1.0043247300690488, -2.460424029085901, -0.3894709349745419]
[90, 180, 90, 180, 180, 90, -0.014415097032850474, -0.03772113380930678, -1.0084026184142671, -2.142035361637854, -0.8184140271745394]
[90, 180, 90, 180, 180, 0, -0.03642661268852778, -0.1051597030911337, -0.9844150399129824, -6.0933340294510385, -2.107188426374062]
[90, 180, 90, 90, 180, 0, -0.019795689748682704, -0.10985322989096782, -0.997368332303676, -6.284171029257496, -1.1302197445162407]
[90, 180, 90, 90, 0, 0, -0.08852053307363075, -0.10614781399636194, -1.0043247300690488, -6.0101062829819405, -5.00923943823231]
[90, 180, 90, 90, 0, 180, -0.06210671428681798, -0.05797740736648556, -0.9971284565186632, -3.3212587106936895, -3.5581020771304903]
[90, 180, 90, 90, 0, 90, -0.06284043147534055, -0.07996287500781377, -0.9911315618933422, -4.603336155549724, -3.616133658452848]
[90, 180, 90, 90, 0, 0, -0.06919931377586955, -0.13776736296366543, -1.0079228668442415, -7.765154392627684, -3.891429500276582]
[90, 180, 90, 90, 90, 0, -0.07360161690700502, -0.13900250159520072, -0.9834555367729311, -8.022804989698287, -4.238058561921038]
[90, 180, 90, 90, 90, 180, -0.05403582521306963, -0.06761148869246084, -0.9995272143687918, -3.8641647308223703, -3.0874351118435337]
[90, 180, 90, 90, 90, 90, -0.04694322572401805, -0.09231426132316667, -1.0012063448638817, -5.262201585337325, -2.6731199738241838]
[90, 180, 90, 90, 90, 0, -0.05990556272125025, -0.1288743648166113, -0.9856144188380468, -7.435899303877898, -3.4488680789043107]
[90, 180, 90, 90, 180, 0, -0.027377434030082665, -0.10120725947022077, -1.000726593293856, -5.772758046514449, -1.5591324386026635]
[90, 180, 90, 90, 180, 180, -0.009279076713192433, -0.04117952197760559, -0.9856144188380468, -2.3923523797560127, -0.5389256028054965]
[90, 180, 90, 90, 180, 90, -0.012213945467282744, -0.05575415782972204, -1.0048044816390744, -3.1757126097982344, -0.6953575612318282]
[90, 180, 90, 90, 180, 0, -0.016616248598418204, -0.08218612454457729, -1.002165848003933, -4.687608569763916, -0.9467187454156322]
[90, 180, 90, 0, 180, 0, 0.006128984245781691, -0.08786776224963963, -0.9947296986685349, -5.047927948178773, 0.35165178429457117]
[90, 180, 90, 0, 0, 0, -0.011969373071108555, -0.09824292675453608, -0.995929077593599, -5.633283234251132, -0.6852390876455736]
[90, 180, 90, 0, 0, 180, -0.023219703295121394, -0.044143854693290296, -0.9798573999977384, -2.57878247239014, -1.3561103595378987]
[90, 180, 90, 0, 0, 90, -0.007811642336147284, -0.0636590450715479, -1.0026455995739587, -3.6327842645739388, -0.44548716169631675]
[90, 180, 90, 0, 0, 0, -0.02248598610659882, -0.12788625391138309, -1.0031253511439844, -7.263516027667499, -1.2738164464948025]
[90, 180, 90, 0, 90, 0, -0.011969373071108555, -0.12269867165893486, -0.9988075870137533, -7.002922303546035, -0.6814582447410616]
[90, 180, 90, 0, 90, 180, -0.007567069939973081, -0.02067622069411975, -0.9904119345383037, -1.1959201261620895, -0.437654553650299]
[90, 180, 90, 0, 90, 90, -0.0031647668088376213, -0.056989296461257326, -0.9992873385837789, -3.2640229003966903, -0.18116212609866436]
[90, 180, 90, 0, 90, 0, -0.026399144445385894, -0.10096023174391372, -0.997368332303676, -5.778159306148633, -1.5084912619408577]
[90, 180, 90, 0, 180, 0, 0.0119987217539623, -0.08811478997594668, -1.005044357424087, -5.010099848511228, 0.6813797084804433]
[90, 180, 90, 0, 180, 180, 0.006128984245781691, -0.0038783353052397797, -0.9988075870137533, -0.22247222307884074, 0.3515771003734904]
[90, 180, 90, 0, 180, 90, 0.01077585977309134, -0.027345969304410325, -1.0012063448638817, -1.5644412591713082, 0.6164137002491297]
[90, 180, 90, 0, 180, 0, 0.02300447958180095, -0.0784807086499714, -0.9968885807336504, -4.500170683174163, 1.3178626833965652]
[90, 180, 180, 0, 180, 0, -0.014415097032850474, -0.06291796189262673, -0.9988075870137533, -3.6041003935160867, -0.8252173980834392]
[90, 180, 180, 180, 180, 0, -0.06479701064473409, -0.05501307465080086, -0.9995272143687918, -3.1437436103535656, -3.7035713254852385]
[90, 180, 180, 180, 0, 0, -0.11811379301070801, -0.11602892304864428, -0.986813797763111, -6.658912748208409, -6.779120113941403]
[90, 180, 180, 180, 0, 180, -0.13767958470464342, -0.04537899332482559, -0.9983278354437274, -2.5782192979288925, -7.8441430245915384]
