[180, 90, 90, 90, 90, 90, -0.07515174466064453, -0.1529667286621094, -0.9721337107861329, -8.916084530540216, -4.366994068508183]
[180, 180, 90, 90, 90, 90, -0.04924970913818359, -0.15954674658935547, -0.9730945514208985, -9.29956726859487, -2.8592373931935966]
[180, 180, 0, 90, 90, 90, -0.02456946774414063, -0.16344601647216797, -0.9815019069750975, -9.45159726664563, -1.4144879453480657]
[180, 180, 0, 180, 90, 90, -0.03580997372558594, -0.1539415461328125, -0.992311364116211, -8.812601759171516, -2.042351841009902]
[180, 180, 0, 180, 0, 90, -0.07221943875244141, -0.18757274887207032, -0.9831833780859375, -10.772810204617832, -4.1269298734934035]
[180, 180, 0, 180, 0, 180, -0.08736968594482422, -0.18464829645996095, -0.9766977038012695, -10.664027390479655, -5.023227880552601]
[180, 180, 0, 180, 0, 90, -0.056824832734375, -0.18440459209228516, -0.9764574936425782, -10.676745398722339, -3.272843096089697]
[180, 180, 0, 180, 0, 0, -0.088102762421875, -0.23168323942138672, -0.9795802257055665, -13.255060036279207, -5.0020446389362885]
[180, 180, 0, 180, 90, 0, -0.056336115083007815, -0.20804391575683595, -0.9810214866577148, -11.95412459822832, -3.215305334114267]
[180, 180, 0, 180, 90, 180, -0.07564046231201171, -0.1619837902661133, -0.9932722047509764, -9.236034279100256, -4.298263975456083]
[180, 180, 0, 180, 90, 90, -0.07906148587158203, -0.1800179134741211, -0.9754966530078125, -10.422296725478493, -4.556936134343457]
[180, 180, 0, 180, 90, 0, -0.06684354458740234, -0.22096024724365235, -0.9990372485595703, -12.444563546328023, -3.7377740070881678]
[180, 180, 0, 180, 180, 0, 0.008907691374511709, -0.18879127071044924, -0.9745358123730469, -10.963330728894492, 0.514136207317956]
[180, 180, 0, 180, 180, 180, 0.03358793276855468, -0.13176444867431641, -0.9884680015771484, -7.588533020685014, 1.9290987548520662]
[180, 180, 0, 180, 180, 90, -0.016749985322265626, -0.17855568726806642, -0.9819823272924805, -10.304139114048011, -0.9614556517885856]
[180, 180, 0, 180, 180, 0, 0.004997950163574211, -0.18732904450439455, -0.9786193850708008, -10.836431111166924, 0.2873972684334302]
[180, 180, 0, 90, 180, 0, 0.008663332548828118, -0.19000979254882813, -0.9848648491967774, -10.919484536832288, 0.49486226608454054]
[180, 180, 0, 90, 0, 0, -0.03776484433105469, -0.21316170747802735, -0.962765514597168, -12.474921799671, -2.1932373397507883]
[180, 180, 0, 90, 0, 180, -0.07857276822021485, -0.17977420910644532, -1.0009589298291015, -10.151308111343946, -4.417968533937307]
[180, 180, 0, 90, 0, 90, -0.057069191560058595, -0.17709346106201174, -0.9853452695141601, -10.172149627689517, -3.262592218154002]
[180, 180, 0, 90, 0, 0, -0.04924970913818359, -0.22266617781738282, -0.9860658999902344, -12.709368102476875, -2.7891863832363355]
[180, 180, 0, 90, 90, 0, -0.04436253262451172, -0.2073128026538086, -0.9822225374511718, -11.906418489760155, -2.530359936296478]
[180, 180, 0, 90, 90, 180, -0.07906148587158203, -0.16515194704589845, -0.9829431679272461, -9.507485813240823, -4.535296561640584]
[180, 180, 0, 90, 90, 90, -0.030678438386230474, -0.15126079808837892, -0.9839040085620118, -8.735778756466768, -1.7651972731389693]
[180, 180, 0, 90, 90, 0, -0.029701003083496096, -0.21535504678710937, -0.9618046739624023, -12.614956093799638, -1.7260485402938763]
[180, 180, 0, 90, 180, 0, -0.0011110204785156341, -0.1956149930053711, -0.9754966530078125, -11.339044869326923, -0.06398200711501521]
[180, 180, 0, 90, 180, 180, 0.020636915007324216, -0.1334703792480469, -0.9882277914184571, -7.690186410062686, 1.1855585417806176]
[180, 180, 0, 90, 180, 90, 0.027478962126464834, -0.15345413739746094, -0.9867865304663085, -8.83583620280223, 1.576163932037758]
[180, 180, 0, 90, 180, 0, 0.011839997282714843, -0.18635422703369142, -0.9798204358642578, -10.767828809657289, 0.6801288381995032]
[180, 180, 0, 0, 180, 0, 0.05167048586914062, -0.15710970291259765, -0.9752564428491212, -9.138882340557853, 2.9942444139111637]
[180, 180, 0, 0, 0, 0, 0.004264873686523438, -0.18245495715087892, -0.9803008561816405, -10.543232769836163, 0.2450596997956661]
[180, 180, 0, 0, 0, 180, -0.05022714444091797, -0.14541189326416015, -1.0014393501464842, -8.251543715709849, -2.8415120269822847]
[180, 180, 0, 0, 0, 90, -0.013573320588378915, -0.13907557970458984, -0.9894288422119141, -8.000416792580017, -0.7783035282880371]
[180, 180, 0, 0, 0, 0, 0.011106920805664056, -0.16661417325195313, -0.9747760225317382, -9.69896297271172, 0.6434873855958968]
[180, 180, 0, 0, 90, 0, -0.014795114716796884, -0.1775808697973633, -0.9718935006274413, -10.353481531267182, -0.857943514485426]
[180, 180, 0, 0, 90, 180, -0.018460497102050784, -0.12006663902587891, -0.9867865304663085, -6.936125825700458, -1.0639021044496755]
[180, 180, 0, 0, 90, 90, -0.002332814606933603, -0.13200815304199218, -0.9901494726879881, -7.593952975324808, -0.13380597375183603]
[180, 180, 0, 0, 90, 0, 0.0005994913012695308, -0.1763623479589844, -0.9766977038012695, -10.235604827361888, 0.03460812518988068]
[180, 180, 0, 0, 180, 0, 0.03114434451171874, -0.15564747670654297, -0.9812616968164062, -9.008689419373052, 1.7954731512423598]
[180, 180, 0, 0, 180, 180, 0.035787162199707026, -0.10885623811279296, -0.9738151818969726, -6.373963532907748, 2.091624976152111]
[180, 180, 0, 0, 180, 90, 0.03456536807128906, -0.10641919443603515, -0.9932722047509764, -6.111670828929345, 1.981727211812553]
[180, 180, 0, 0, 180, 0, 0.04385100344726561, -0.15467265923583987, -0.9752564428491212, -9.002928462693719, 2.542750517354819]
[180, 180, 90, 0, 180, 0, 0.009396409025878905, -0.16271490336914063, -0.9853452695141601, -9.376491136425814, 0.5390649438028972]
[180, 180, 90, 180, 180, 0, -0.03971971493652344, -0.17319419117919924, -0.9766977038012695, -10.047385330697594, -2.2930507929056207]
[180, 180, 90, 180, 0, 0, -0.10667403317382812, -0.20048908035888674, -0.9718935006274413, -11.588185015729906, -6.135484040055006]
[180, 180, 90, 180, 0, 180, -0.12377915097167969, -0.16368972083984376, -0.9819823272924805, -9.390827409754328, -7.087480848232304]
[180, 180, 90, 180, 0, 90, -0.06513303280761719, -0.17831198290039063, -0.9723739209448242, -10.368604432987418, -3.7694794989976352]
[180, 180, 90, 180, 0, 0, -0.07050892697265625, -0.21706097736083985, -0.9692511888818359, -12.590743868734254, -4.060470304671258]
[180, 180, 90, 180, 90, 0, -0.07417430935791015, -0.20024537599121095, -0.9661284568188476, -11.676240993473982, -4.2992378805521545]
[180, 180, 90, 180, 90, 180, -0.11082813321044921, -0.15954674658935547, -0.9829431679272461, -9.162514445758191, -6.350584634551835]
[180, 180, 90, 180, 90, 90, -0.06415559750488281, -0.17002603439941408, -0.9860658999902344, -9.762991460858903, -3.6685561008071774]
[180, 180, 90, 180, 90, 0, -0.07783969174316406, -0.2021950109326172, -0.9776585444360352, -11.64906792363432, -4.45824559644581]
[180, 180, 90, 180, 180, 0, -0.031655873688964845, -0.17928680037109376, -0.9853452695141601, -10.30713528564305, -1.8103864287600067]
[180, 180, 90, 180, 180, 180, -0.04582868557861328, -0.12713406568847657, -0.9963949368139647, -7.263713903028917, -2.612285916024315]
[180, 180, 90, 180, 180, 90, -0.016505626496582035, -0.1368822403955078, -0.9887082117358398, -7.881155469433918, -0.947379996900769]
[180, 180, 90, 180, 180, 0, -0.017727420625000004, -0.17319419117919924, -0.9726141311035156, -10.095230365099365, -1.0280218477820167]
[180, 180, 90, 90, 180, 0, -0.00893050290039063, -0.17295048681152345, -0.9766977038012695, -10.041248511662445, -0.5158486612919468]
[180, 180, 90, 90, 0, 0, -0.05462560330322266, -0.21072466380126953, -0.9579613114233397, -12.386389318095992, -3.1875834692296223]
[180, 180, 90, 90, 0, 180, -0.09201250363281249, -0.16685787761962892, -0.9815019069750975, -9.606858024220317, -5.280312136925713]
[180, 180, 90, 90, 0, 90, -0.08077199765136718, -0.16758899072265626, -1.0002382993530272, -9.481206120096369, -4.5535734320577825]
[180, 180, 90, 90, 0, 0, -0.08614789181640625, -0.22802767390625, -0.9769379139599609, -13.089187722214861, -4.908139630281312]
[180, 180, 90, 90, 90, 0, -0.06611046811035157, -0.21194318563964845, -0.9750162326904296, -12.236580529938292, -3.7907157329279855]
[180, 180, 90, 90, 90, 180, -0.10960633908203124, -0.1529667286621094, -0.9800606460229492, -8.816990212804715, -6.305516072556666]
[180, 180, 90, 90, 90, 90, -0.08052763882568359, -0.1515045024560547, -0.9752564428491212, -8.800744786106186, -4.664548312034451]
[180, 180, 90, 90, 90, 0, -0.0685540563671875, -0.20170760219726563, -0.9733347615795899, -11.679746866524685, -3.9452592955523014]
[180, 180, 90, 90, 180, 0, -0.031655873688964845, -0.1695386256640625, -0.9781389647534179, -9.828208173477087, -1.8264242526403571]
[180, 180, 90, 90, 180, 180, -0.042652020844726565, -0.1329829705126953, -0.9961547266552734, -7.596938377824171, -2.4301839221519175]
[180, 180, 90, 90, 180, 90, -0.02481382656982422, -0.1334703792480469, -1.0021599806225585, -7.5838663893365155, -1.405964062145553]
[180, 180, 90, 90, 180, 0, -0.02139280301025391, -0.17831198290039063, -0.9867865304663085, -10.240442800564056, -1.2221490264269452]
[180, 180, 90, 0, 180, 0, 0.028945115080566394, -0.15199191119140626, -0.9990372485595703, -8.64697846476497, 1.6406981134232153]
[180, 180, 90, 0, 0, 0, -0.010885373505859386, -0.19634610610839845, -0.9649274060253906, -11.50096440846356, -0.6333499747195589]
[180, 180, 90, 0, 0, 180, -0.04998278561523438, -0.13030222246826173, -0.9918309437988281, -7.475017131806667, -2.860411662015957]
[180, 180, 90, 0, 0, 90, -0.028723567780761725, -0.13907557970458984, -0.9738151818969726, -8.124259389650286, -1.672540644613354]
[180, 180, 90, 0, 0, 0, -0.03409946194580078, -0.17928680037109376, -0.9721337107861329, -10.443138186434833, -1.9756453718643388]
[180, 180, 90, 0, 90, 0, -0.02310331479003907, -0.1736815999145508, -0.9778987545947265, -10.068356997742308, -1.3325416622487984]
[180, 180, 90, 0, 90, 180, -0.05096022091796875, -0.10763771627441407, -0.9973557774487304, -6.151733155877737, -2.9081450863686023]
[180, 180, 90, 0, 90, 90, -0.014550755891113279, -0.13980669280761718, -0.9771781241186522, -8.141267960801882, -0.8445064537759577]
[180, 180, 90, 0, 90, 0, -0.032388950166015625, -0.18050532220947266, -1.0009589298291015, -10.217185111264888, -1.8239264492629914]
[180, 180, 90, 0, 180, 0, 0.023813579741210927, -0.15223561555908205, -0.9834235882446288, -8.79709746195266, 1.370823586022956]
[180, 180, 90, 0, 180, 180, -0.016016908845214853, -0.10763771627441407, -0.9822225374511718, -6.253028761153768, -0.9286695520439501]
[180, 180, 90, 0, 180, 90, 0.012084356108398434, -0.10544437696533204, -0.9858256898315428, -6.104716659577652, 0.6983197612962921]
[180, 180, 90, 0, 180, 0, 0.01672717379638672, -0.15223561555908205, -0.9721337107861329, -8.898907427201168, 0.9739046283752002]
[180, 180, 180, 0, 180, 0, -0.03971971493652344, -0.1451681888964844, -0.9968753571313477, -8.278878264869563, -2.257908256588912]
[180, 180, 180, 180, 180, 0, -0.09396737423828125, -0.14419337142578126, -0.9980764079248047, -8.185013076889438, -5.323509721551243]
[180, 180, 180, 180, 0, 0, -0.1311099157421875, -0.20901873322753908, -0.9656480365014649, -12.105750805575969, -7.559038676763623]
[180, 180, 180, 180, 0, 180, -0.14357221585205077, -0.13078963120361328, -0.9723739209448242, -7.579416896967609, -8.325201477394947]
[180, 180, 180, 180, 0, 90, -0.15554579831054688, -0.1554037723388672, -0.9723739209448242, -8.968033797850909, -8.976297514317599]
[180, 180, 180, 180, 0, 0, -0.1311099157421875, -0.2009764890942383, -0.9656480365014649, -11.65294974118971, -7.5716891690533235]
[180, 180, 180, 180, 90, 0, -0.13721888638427734, -0.19074090565185547, -0.9752564428491212, -10.960923717235731, -7.861920764457109]
[180, 180, 180, 180, 90, 180, -0.13624145108154295, -0.12274738707031249, -0.9812616968164062, -7.063111647393291, -7.844226261225319]
[180, 180, 180, 180, 90, 90, -0.13990683346679686, -0.16344601647216797, -0.9836637984033202, -9.341765085879748, -7.9868411566463715]
[180, 180, 180, 180, 90, 0, -0.12060248623779296, -0.19342165369628908, -0.957480891105957, -11.333471556054773, -7.038354083495215]
[180, 180, 180, 180, 180, 0, -0.07686225644042968, -0.13590742292480468, -0.9872669507836914, -7.8147340557656735, -4.41027567962655]
[180, 180, 180, 180, 180, 180, -0.07026456814697266, -0.09033470616943359, -0.9949536758618164, -5.175006410222559, -4.023082287193224]
[180, 180, 180, 180, 180, 90, -0.09445609188964843, -0.11616736914306641, -0.9944732555444337, -6.633109623970853, -5.389308442687218]
[180, 180, 180, 180, 180, 0, -0.06513303280761719, -0.14053780591064452, -0.9793400155468749, -8.148580605433644, -3.7664995191063158]
[180, 180, 180, 90, 180, 0, -0.08028328, -0.14711782383789063, -0.9858256898315428, -8.460186894429437, -4.604984194119805]
[180, 180, 180, 90, 0, 0, -0.11742582150390624, -0.20511946334472658, -0.9714130803100586, -11.839458305348558, -6.745235961854604]
[180, 180, 180, 90, 0, 180, -0.1303768392651367, -0.14833634567626952, -0.9800606460229492, -8.532588142280876, -7.4931753565177255]
[180, 180, 180, 90, 0, 90, -0.1423504217236328, -0.1593030422216797, -0.9805410663403319, -9.133789872771551, -8.154774193130024]
[180, 180, 180, 90, 0, 0, -0.1191363332836914, -0.19415276679931642, -0.9757368631665039, -11.172898797222867, -6.828718702922476]
[180, 180, 180, 90, 90, 0, -0.12402350979736328, -0.18732904450439455, -0.9762172834838866, -10.778020552651368, -7.111960828827655]
[180, 180, 180, 90, 90, 180, -0.1318429922192383, -0.13615112729248047, -0.9803008561816405, -7.837385446249546, -7.587908106025275]
[180, 180, 180, 90, 90, 90, -0.12988812161376953, -0.13542001418945313, -0.9788595952294922, -7.808976598250338, -7.488112339146209]
[180, 180, 180, 90, 90, 0, -0.1186476156323242, -0.18635422703369142, -0.9827029577685548, -10.662108439715555, -6.764924401981471]
[180, 180, 180, 90, 180, 0, -0.08052763882568359, -0.1527230242944336, -0.9747760225317382, -8.874679316326366, -4.6658984169357804]
[180, 180, 180, 90, 180, 180, -0.08003892117431641, -0.07303169606445312, -0.9915907336401367, -4.198682013651545, -4.602366412960363]
[180, 180, 180, 90, 180, 90, -0.06684354458740234, -0.12177256959960939, -0.9956743063378907, -6.957231886854064, -3.812406793262622]
[180, 180, 180, 90, 180, 0, -0.06342252102783202, -0.14419337142578126, -0.9776585444360352, -8.372632175160943, -3.672068835041913]
[180, 180, 180, 0, 180, 0, -0.03947535611083985, -0.13420149235107423, -0.9939928352270507, -7.683168995842083, -2.2538175199990826]
[180, 180, 180, 0, 0, 0, -0.06806533871582031, -0.17538753048828126, -0.9836637984033202, -10.085994954596247, -3.8970470673033657]
[180, 180, 180, 0, 0, 180, -0.09983198605468749, -0.11787329971679689, -0.9918309437988281, -6.743720001152779, -5.707805573398783]
[180, 180, 180, 0, 0, 90, -0.1113168508618164, -0.12128516086425781, -0.9932722047509764, -6.9188428570301905, -6.3477454983715145]
[180, 180, 180, 0, 0, 0, -0.07783969174316406, -0.16149638153076173, -0.9718935006274413, -9.404875680733888, -4.517408818595427]
[180, 180, 180, 0, 90, 0, -0.07173072110107422, -0.1617400858984375, -0.9863061101489258, -9.288697289436774, -4.104969100934497]
[180, 180, 180, 0, 90, 180, -0.08639225064208984, -0.0900910018017578, -0.9927917844335937, -5.165695245064612, -4.953072561396549]
[180, 180, 180, 0, 90, 90, -0.09494480954101563, -0.12274738707031249, -0.9745358123730469, -7.145391026692745, -5.521168174670716]
[180, 180, 180, 0, 90, 0, -0.07661789761474609, -0.16515194704589845, -0.9762172834838866, -9.573227834656775, -4.425008922625065]
[180, 180, 180, 0, 180, 0, -0.03678740902832031, -0.1334703792480469, -0.9875071609423828, -7.692117137543604, -2.114235533196369]
[180, 180, 180, 0, 180, 180, -0.056091756257324224, -0.07888060088867188, -0.9930319945922851, -4.534504311835816, -3.222806442145387]
[180, 180, 180, 0, 180, 90, -0.053648168000488286, -0.07278799169677734, -0.9956743063378907, -4.175090772846542, -3.075992774451943]
[180, 180, 180, 0, 180, 0, -0.03507689724853516, -0.1451681888964844, -0.9843844288793945, -8.383757488150938, -2.0189586689331334]
[180, 90, 180, 0, 180, 0, -0.05193765622070312, -0.13127703993896483, -1.0016795603051756, -7.456551089590525, -2.943038512571615]
[180, 90, 0, 0, 180, 0, 0.012573073759765616, -0.16758899072265626, -0.9870267406250001, -9.635680751173986, 0.719516401142611]
[180, 90, 0, 180, 180, 0, -0.03409946194580078, -0.19902685415283203, -0.9827029577685548, -11.442543867210688, -1.947831279933277]
[180, 90, 0, 180, 0, 0, -0.07392995053222656, -0.22656544770019532, -0.9735749717382812, -13.064099628657006, -4.229910161191446]
[180, 90, 0, 180, 0, 180, -0.10618531552246094, -0.1680763994580078, -0.9750162326904296, -9.72431313048663, -6.125722905362763]
[180, 90, 0, 180, 0, 90, -0.07955020352294921, -0.18342977462158205, -0.9762172834838866, -10.607353132525992, -4.578857912583564]
[180, 90, 0, 180, 0, 0, -0.08517045651367187, -0.2282713782739258, -0.9740553920556639, -13.140946390903943, -4.866000490596357]
[180, 90, 0, 180, 90, 0, -0.0687984151928711, -0.24167511849609377, -0.9855854796728515, -13.745459785726863, -3.8784982116363116]
[180, 90, 0, 180, 90, 180, -0.056336115083007815, -0.15345413739746094, -0.9807812764990235, -8.878066579846434, -3.2480300056368714]
[180, 90, 0, 180, 90, 90, -0.041918944367675785, -0.17270678244384766, -0.9829431679272461, -9.956494985043735, -2.4051769086313626]
[180, 90, 0, 180, 90, 0, -0.06171200924804687, -0.21608615989013674, -0.9870267406250001, -12.325399872275131, -3.49509005721306]
[180, 90, 0, 180, 180, 0, -0.012840244111328128, -0.19244683622558595, -0.9723739209448242, -11.194037161381816, -0.7421556434020565]
[180, 90, 0, 180, 180, 180, -0.0015997381298828162, -0.14273114521972657, -0.9872669507836914, -8.226356791258596, -0.09188502337342311]
[180, 90, 0, 180, 180, 90, -0.02456946774414063, -0.13566371855712892, -0.9918309437988281, -7.786287125657348, -1.4059454209422269]
[180, 90, 0, 180, 180, 0, -0.00893050290039063, -0.1878164532397461, -0.9841442187207031, -10.804110288337544, -0.5106933891504386]
[180, 90, 0, 90, 180, 0, -0.012595885285644537, -0.18050532220947266, -0.9745358123730469, -10.49265093901426, -0.7281240668775972]
[180, 90, 0, 90, 0, 0, -0.06611046811035157, -0.20195130656494142, -0.9805410663403319, -11.612204676292258, -3.778120365922791]
[180, 90, 0, 90, 0, 180, -0.09396737423828125, -0.1787993916357422, -0.9848648491967774, -10.244281628650997, -5.363033624420265]
[180, 90, 0, 90, 0, 90, -0.06415559750488281, -0.1724630780761719, -0.9786193850708008, -9.973688723834348, -3.694023225897541]
[180, 90, 0, 90, 0, 0, -0.06464431515624999, -0.21584245552246095, -0.9815019069750975, -12.37653455342253, -3.6805146385722134]
[180, 90, 0, 90, 90, 0, -0.05267073269775391, -0.2151113424194336, -0.9863061101489258, -12.286455128690081, -2.9867288425871474]
[180, 90, 0, 90, 90, 180, -0.0763735387890625, -0.15710970291259765, -0.9863061101489258, -9.024097378302054, -4.372888027782509]
[180, 90, 0, 90, 90, 90, -0.05267073269775391, -0.18099273094482424, -0.9774183342773438, -10.476010331823046, -3.033084447549581]
[180, 90, 0, 90, 90, 0, -0.04705047970703125, -0.20926243759521485, -0.9750162326904296, -12.099654148146401, -2.701306249126985]
[180, 90, 0, 90, 180, 0, -0.00893050290039063, -0.18952238381347658, -0.9803008561816405, -10.941604402716951, -0.5124592271202323]
[180, 90, 0, 90, 180, 180, -0.026279979523925787, -0.14175632774902344, -0.9927917844335937, -8.123275264510351, -1.5010926167417393]
[180, 90, 0, 90, 180, 90, 0.0035317972094726507, -0.14638671073486328, -0.9735749717382812, -8.55088044155027, 0.2055381810207488]
[180, 90, 0, 90, 180, 0, -0.003554608735351572, -0.18830386197509766, -0.9776585444360352, -10.901992302118437, -0.20455759435132156]
[180, 90, 0, 0, 180, 0, 0.01550537966796875, -0.1632023121044922, -0.9831833780859375, -9.423655000355726, 0.8913189946293354]
[180, 90, 0, 0, 0, 0, -0.006975632294921874, -0.20511946334472658, -0.9726141311035156, -11.90858689171152, -0.4020769055117994]
[180, 90, 0, 0, 0, 180, -0.05022714444091797, -0.12396590890869141, -0.9867865304663085, -7.151159696417493, -2.8911382695146233]
[180, 90, 0, 0, 0, 90, -0.002821532258300785, -0.13883187533691407, -0.9745358123730469, -8.107739458561136, -0.1642274853297842]
[180, 90, 0, 0, 0, 0, -0.011129732331542977, -0.189034975078125, -0.9774183342773438, -10.94530325232035, -0.6405229916546537]
[180, 90, 0, 0, 90, 0, -0.011129732331542977, -0.18976608818115234, -0.9798204358642578, -10.960329210053677, -0.6389204112212786]
[180, 90, 0, 0, 90, 180, -0.027257414826660158, -0.1251844307470703, -0.9968753571313477, -7.154908176926434, -1.5540404805184667]
[180, 90, 0, 0, 90, 90, -0.011618449982910159, -0.13907557970458984, -0.997115567290039, -7.939736794324172, -0.6611838165808579]
[180, 90, 0, 0, 90, 0, -0.005509479340820314, -0.17709346106201174, -0.9834235882446288, -10.208174326683915, -0.31590625496408975]
[180, 90, 0, 0, 180, 0, 0.03138870333740233, -0.15832822475097658, -0.9819823272924805, -9.154564841023658, 1.8074877588653169]
[180, 90, 0, 0, 180, 180, 0.014039226713867176, -0.10812512500976562, -0.9819823272924805, -6.282833956428517, 0.8141717957773784]
[180, 90, 0, 0, 180, 90, 0.01819332675048828, -0.1173858909814453, -0.9877473711010741, -6.77622018519985, 1.047840161947539]
[180, 90, 0, 0, 180, 0, 0.03065562686035156, -0.1605215640600586, -0.9822225374511718, -9.2771799272585, 1.764258030714549]
[180, 90, 90, 0, 180, 0, 0.025035373869628896, -0.15516006797119142, -0.9827029577685548, -8.969561335998254, 1.4415037803741908]
[180, 90, 90, 180, 180, 0, -0.061956368073730464, -0.16563935578125, -0.9843844288793945, -9.532993970531328, -3.5516018981814805]
[180, 90, 90, 180, 0, 0, -0.07002020932128906, -0.2436247534375, -0.9858256898315428, -13.847706432345674, -3.9444513246162436]
[180, 90, 90, 180, 0, 180, -0.12402350979736328, -0.1683201038256836, -0.9875071609423828, -9.599084711803847, -7.057699165004169]
[180, 90, 90, 180, 0, 90, -0.10960633908203124, -0.173437895546875, -0.9829431679272461, -9.946295259994823, -6.266654949144954]
[180, 90, 90, 180, 0, 0, -0.0839486623852539, -0.22071654287597658, -0.9682903482470703, -12.794458132000347, -4.831703386338414]
[180, 90, 90, 180, 90, 0, -0.08908019772460937, -0.21998542977294924, -0.9582015215820313, -12.876332696860272, -5.177364501568603]
[180, 90, 90, 180, 90, 180, -0.09836583310058594, -0.16344601647216797, -0.9757368631665039, -9.462261091155803, -5.678060609311045]
[180, 90, 90, 180, 90, 90, -0.07173072110107422, -0.16880751256103516, -0.9846246390380858, -9.703186747849006, -4.106973000254047]
[180, 90, 90, 180, 90, 0, -0.10985069790771484, -0.20511946334472658, -0.9620448841210937, -11.960463652728366, -6.372074420969926]
[180, 90, 90, 180, 180, 0, -0.033610744294433594, -0.17197566934082031, -0.9913505234814454, -9.835966704519048, -1.9132584226754465]
[180, 90, 90, 180, 180, 180, -0.042652020844726565, -0.11982293465820312, -0.9728543412622069, -7.01487867071097, -2.4915589765038466]
[180, 90, 90, 180, 180, 90, -0.018949214753417973, -0.13956298843994142, -0.9846246390380858, -8.06602197457514, -1.0916191955904875]
[180, 90, 90, 180, 180, 0, -0.019437932404785162, -0.16685787761962892, -0.9867865304663085, -9.595657179085322, -1.1126876826622447]
[180, 90, 90, 90, 180, 0, -0.019682291230468753, -0.1749001217529297, -1.0016795603051756, -9.902514447740604, -1.1089037903429702]
[180, 90, 90, 90, 0, 0, -0.08126071530273438, -0.21169948127197266, -0.9783791749121092, -12.168665106596269, -4.640971936101481]
[180, 90, 90, 90, 0, 180, -0.09470045071533204, -0.17075714750244142, -0.9963949368139647, -9.681795640342834, -5.35170260048594]
[180, 90, 90, 90, 0, 90, -0.11107249203613281, -0.16758899072265626, -0.9781389647534179, -9.661434887118782, -6.38619523315651]
[180, 90, 90, 90, 0, 0, -0.06782097989013672, -0.2112120725366211, -0.9706924498339843, -12.246642215694179, -3.905591117356525]
[180, 90, 90, 90, 90, 0, -0.06782097989013672, -0.21535504678710937, -0.9865463203076171, -12.285921338252342, -3.842457371671165]
[180, 90, 90, 90, 90, 180, -0.10594095669677733, -0.16003415532470705, -0.9894288422119141, -9.136343848680202, -6.033712314081809]
[180, 90, 90, 90, 90, 90, -0.07783969174316406, -0.15564747670654297, -0.9786193850708008, -9.009101168443078, -4.491530306200963]
[180, 90, 90, 90, 90, 0, -0.06953149166992187, -0.2085313244921875, -0.9589221520581054, -12.237609919848026, -4.052863851504191]
[180, 90, 90, 90, 180, 0, -0.03825356198242188, -0.17173196497314455, -0.9961547266552734, -9.774289052497997, -2.167209785177064]
[180, 90, 90, 90, 180, 180, -0.05120457974365235, -0.1305459268359375, -0.9920711539575194, -7.486587281277644, -2.929422932412387]
[180, 90, 90, 90, 180, 90, -0.03190023251464844, -0.1371259447631836, -0.9855854796728515, -7.916704300541216, -1.836158633658259]
[180, 90, 90, 90, 180, 0, -0.040697150239257816, -0.17173196497314455, -0.9740553920556639, -9.99030274125505, -2.356194129396294]
[180, 90, 90, 0, 180, 0, 0.0013325677783203038, -0.14736152820556642, -0.9807812764990235, -8.544717023419274, 0.07698249271957626]
[180, 90, 90, 0, 0, 0, -0.031167156037597656, -0.1958586973730469, -0.9682903482470703, -11.429321776128482, -1.8070189303364697]
[180, 90, 90, 0, 0, 180, -0.05120457974365235, -0.12372220454101562, -0.9781389647534179, -7.19915473403509, -2.972995247349104]
[180, 90, 90, 0, 0, 90, -0.029212285432128907, -0.13858817096923828, -0.9901494726879881, -7.964330503565604, -1.6735971470598892]
[180, 90, 90, 0, 0, 0, -0.03800920315673828, -0.1685638081933594, -0.9846246390380858, -9.707541061593135, -2.1790066615149644]
[180, 90, 90, 0, 90, 0, -0.029945361909179694, -0.1749001217529297, -0.9781389647534179, -10.13321723399231, -1.726180124233017]
[180, 90, 90, 0, 90, 180, -0.04973842678955078, -0.12177256959960939, -0.9894288422119141, -7.0075536773722265, -2.856311952434004]
[180, 90, 90, 0, 90, 90, -0.03190023251464844, -0.13810076223388673, -0.9836637984033202, -7.987620053615902, -1.8394250456037224]
[180, 90, 90, 0, 90, 0, -0.041185867890625005, -0.1956149930053711, -1.0016795603051756, -11.040950070526959, -2.3108892057196937]
[180, 90, 90, 0, 180, 0, 0.005486667814941407, -0.15077338935302737, -0.9807812764990235, -8.739405486875647, 0.31679821608834297]
[180, 90, 90, 0, 180, 180, -0.01332896176269531, -0.10032658524414062, -0.9884680015771484, -5.794982585260392, -0.768607744085108]
[180, 90, 90, 0, 180, 90, 0.005975385466308589, -0.11592366477539062, -0.9942330453857421, -6.650315353044952, 0.3420290963647022]
[180, 90, 90, 0, 180, 0, 0.008418973723144527, -0.15442895486816408, -0.9956743063378907, -8.816010548497916, 0.47873208231407255]
[180, 90, 180, 0, 180, 0, -0.040697150239257816, -0.1371259447631836, -0.9865463203076171, -7.906541350760281, -2.3397658430751522]
[180, 90, 180, 180, 180, 0, -0.09470045071533204, -0.15491636360351563, -0.9834235882446288, -8.911544927270148, -5.4338360766659735]
[180, 90, 180, 180, 0, 0, -0.15652323361328124, -0.1841608877246094, -0.9752564428491212, -10.561375420555768, -8.962148237474588]
[180, 90, 180, 180, 0, 180, -0.14381657467773437, -0.13200815304199218, -0.9879875812597655, -7.531942134443622, -8.210145620144113]
[180, 90, 180, 180, 0, 90, -0.17191783963134766, -0.15979045095703126, -0.9735749717382812, -9.181144260329406, -9.884694275274969]
[180, 90, 180, 180, 0, 0, -0.1379519628613281, -0.2021950109326172, -0.9625253044384766, -11.746817517144361, -7.984310671568404]
[180, 90, 180, 180, 90, 0, -0.13282042752197265, -0.2007327847265625, -0.9567602606298827, -11.739646268593974, -7.737118724444061]
[180, 90, 180, 180, 90, 180, -0.1186476156323242, -0.12372220454101562, -0.9793400155468749, -7.148437838679008, -6.853800433198136]
[180, 90, 180, 180, 90, 90, -0.14454965115478513, -0.15199191119140626, -0.9863061101489258, -8.669311668493547, -8.24179001766309]
[180, 90, 180, 180, 90, 0, -0.12524530392578126, -0.19342165369628908, -0.9764574936425782, -11.11562767014463, -7.171287443513819]
[180, 90, 180, 180, 180, 0, -0.06562175045898437, -0.15881563348632813, -1.0002382993530272, -9.002948528759543, -3.707266425690339]
[180, 90, 180, 180, 180, 180, -0.08321558590820312, -0.11056216868652344, -0.9908701031640624, -6.344626487493412, -4.771097407270384]
[180, 90, 180, 180, 180, 90, -0.08468173886230468, -0.1164110735107422, -0.992311364116211, -6.6669472478234555, -4.844619055618168]
[180, 90, 180, 180, 180, 0, -0.08297122708251953, -0.15589118107421876, -0.9790998053881835, -9.014856514033548, -4.783834501774111]
[180, 90, 180, 90, 180, 0, -0.08272686825683594, -0.13883187533691407, -0.9762172834838866, -8.065467214019973, -4.795775944960641]
[180, 90, 180, 90, 0, 0, -0.14088426876953125, -0.21169948127197266, -0.9855854796728515, -12.004258393603642, -7.9559604681184455]
[180, 90, 180, 90, 0, 180, -0.1504142629711914, -0.14736152820556642, -0.9858256898315428, -8.40577696126622, -8.58121078507192]
[180, 90, 180, 90, 0, 90, -0.15505708065917967, -0.16125267716308594, -0.9594025723754883, -9.42086585579609, -9.055793351091786]
[180, 90, 180, 90, 0, 0, -0.1460158041088867, -0.19244683622558595, -0.9721337107861329, -11.076558618587608, -8.3817654822252]
[180, 90, 180, 90, 90, 0, -0.12964376278808593, -0.18245495715087892, -0.9726141311035156, -10.5337122311858, -7.463750364869566]
[180, 90, 180, 90, 90, 180, -0.12109120388916014, -0.1256718394824219, -0.9901494726879881, -7.180491021175319, -6.917464280535281]
[180, 90, 180, 90, 90, 90, -0.12866632748535156, -0.13907557970458984, -0.9774183342773438, -8.029821825504971, -7.425294448429916]
[180, 90, 180, 90, 90, 0, -0.12182428036621093, -0.18952238381347658, -0.9836637984033202, -10.824812440944022, -6.9337404972136065]
[180, 90, 180, 90, 180, 0, -0.09127942715576172, -0.15516006797119142, -0.9790998053881835, -8.966656803418118, -5.26089589497259]
[180, 90, 180, 90, 180, 180, -0.07368559170654297, -0.0891161843310547, -0.9742956022143555, -5.211347472357678, -4.307111964926931]
[180, 90, 180, 90, 180, 90, -0.08688096829345703, -0.12128516086425781, -0.999517668876953, -6.892916545641927, -4.931832643738265]
[180, 90, 180, 90, 180, 0, -0.06953149166992187, -0.16563935578125, -0.9788595952294922, -9.5807272792242, -4.006311160875694]
[180, 90, 180, 0, 180, 0, -0.03678740902832031, -0.12006663902587891, -0.9975959876074217, -6.858261917116944, -2.0967674724055065]
[180, 90, 180, 0, 0, 0, -0.08174943295410156, -0.18367347898925782, -0.967569717770996, -10.71127437353763, -4.745077865165527]
[180, 90, 180, 0, 0, 180, -0.1034973684399414, -0.1056880813330078, -0.9851050593554688, -6.090350942481192, -5.963646771786831]
[180, 90, 180, 0, 0, 90, -0.11424915677001952, -0.12883999626220705, -0.9769379139599609, -7.462615995054825, -6.613473010664997]
[180, 90, 180, 0, 0, 0, -0.08272686825683594, -0.1680763994580078, -0.9817421171337891, -9.681319307782982, -4.74791544437237]
[180, 90, 180, 0, 90, 0, -0.08126071530273438, -0.1527230242944336, -0.9790998053881835, -8.835833248246862, -4.687977802174051]
[180, 90, 180, 0, 90, 180, -0.09836583310058594, -0.1164110735107422, -1.0011991399877929, -6.600597269814164, -5.573877243464622]
[180, 90, 180, 0, 90, 90, -0.10520788021972656, -0.12323479580566407, -0.9992774587182617, -6.9921803986224695, -5.965322402465368]
[180, 90, 180, 0, 90, 0, -0.09396737423828125, -0.15710970291259765, -0.9778987545947265, -9.086023707634954, -5.41968429509458]
[180, 90, 180, 0, 180, 0, -0.06415559750488281, -0.13980669280761718, -0.9858256898315428, -8.054867045229068, -3.6866608604838347]
[180, 90, 180, 0, 180, 180, -0.03580997372558594, -0.08692284502197266, -0.9937526250683594, -4.995672858637507, -2.0559230335725847]
[180, 90, 180, 0, 180, 90, -0.05047150326660156, -0.09350286294921875, -0.9718935006274413, -5.487986691645324, -2.959124206589896]
[180, 90, 180, 0, 180, 0, -0.06000149746826172, -0.13225185740966797, -0.9860658999902344, -7.62502711042304, -3.4512916516889534]
[180, 0, 180, 0, 180, 0, -0.09250122128417969, -0.11884811718749999, -0.9901494726879881, -6.815100910073198, -5.299345930780586]
[180, 0, 0, 0, 180, 0, -0.020415367707519533, -0.13785705786621094, -0.992311364116211, -7.907551804296533, -1.1674027525084654]
[180, 0, 0, 180, 180, 0, -0.06806533871582031, -0.17660605232666016, -0.9788595952294922, -10.203174737560378, -3.914676382680391]
[180, 0, 0, 180, 0, 0, -0.13428658047607422, -0.20000167162353516, -0.9723739209448242, -11.516384478144891, -7.70364422916427]
[180, 0, 0, 180, 0, 180, -0.11938069210937499, -0.14760523257324218, -0.9807812764990235, -8.49685995795778, -6.863361913562278]
[180, 0, 0, 180, 0, 90, -0.12011376858642578, -0.1524793199267578, -0.9735749717382812, -8.83531868224757, -6.949392663128143]
[180, 0, 0, 180, 0, 0, -0.12035812741210937, -0.22266617781738282, -0.9694913990405273, -12.83971661242216, -6.898989765269626]
[180, 0, 0, 180, 90, 0, -0.11058377438476562, -0.2112120725366211, -0.957480891105957, -12.360123331839448, -6.434800931803161]
[180, 0, 0, 180, 90, 180, -0.09470045071533204, -0.13395778798339844, -0.9930319945922851, -7.648407528505957, -5.398926206063683]
[180, 0, 0, 180, 90, 90, -0.11889197445800781, -0.15710970291259765, -0.9745358123730469, -9.091863762516242, -6.867818182628272]
[180, 0, 0, 180, 90, 0, -0.1076514684765625, -0.19902685415283203, -0.9858256898315428, -11.348240333965087, -6.109658223180207]
[180, 0, 0, 180, 180, 0, -0.06782097989013672, -0.17465641738525392, -0.9735749717382812, -10.146427808105907, -3.922470257335341]
[180, 0, 0, 180, 180, 180, -0.07955020352294921, -0.12689036132080078, -0.9718935006274413, -7.4139427698807046, -4.640065177188786]
[180, 0, 0, 180, 180, 90, -0.05242637387207032, -0.13030222246826173, -0.9747760225317382, -7.602961602091138, -3.0514821555951253]
[180, 0, 0, 180, 180, 0, -0.03556561489990235, -0.17295048681152345, -0.9829431679272461, -9.972748214287014, -2.0408924461320033]
[180, 0, 0, 90, 180, 0, -0.06464431515624999, -0.17855568726806642, -0.9750162326904296, -10.355399281895023, -3.7313290064036395]
[180, 0, 0, 90, 0, 0, -0.10398608609130859, -0.22144765597900393, -0.9853452695141601, -12.598557460690856, -5.878707887081465]
[180, 0, 0, 90, 0, 180, -0.11644838620117187, -0.15467265923583987, -0.962285094279785, -9.066288093988986, -6.813332447110093]
[180, 0, 0, 90, 0, 90, -0.11229428616455078, -0.1449244845288086, -0.9764574936425782, -8.387644464632332, -6.489819943269444]
[180, 0, 0, 90, 0, 0, -0.12622273922851562, -0.19634610610839845, -0.9815019069750975, -11.222452828510978, -7.187240613377]
[180, 0, 0, 90, 90, 0, -0.08639225064208984, -0.18659793140136718, -0.9781389647534179, -10.759546493018444, -4.958480461223329]
[180, 0, 0, 90, 90, 180, -0.08908019772460937, -0.13200815304199218, -0.9771781241186522, -7.662187073861547, -5.1620906107633475]
[180, 0, 0, 90, 90, 90, -0.1034973684399414, -0.14638671073486328, -0.9870267406250001, -8.390744699826177, -5.92172405218065]
[180, 0, 0, 90, 90, 0, -0.0961666036694336, -0.19000979254882813, -0.9766977038012695, -10.957293533435285, -5.520434523628932]
[180, 0, 0, 90, 180, 0, -0.05267073269775391, -0.17831198290039063, -0.9836637984033202, -10.260237918993441, -3.015943507322964]
[180, 0, 0, 90, 180, 180, -0.06806533871582031, -0.12396590890869141, -0.9913505234814454, -7.111126725844163, -3.8974593279244774]
[180, 0, 0, 90, 180, 90, -0.05193765622070312, -0.1251844307470703, -0.9759770733251952, -7.298960453416273, -3.0214753806618293]
[180, 0, 0, 90, 180, 0, -0.08028328, -0.17392530428222658, -0.9721337107861329, -10.109815522717422, -4.647570605136658]
[180, 0, 0, 0, 180, 0, -0.020171008881835942, -0.13810076223388673, -0.9730945514208985, -8.075715985414474, -1.1757206263638011]
[180, 0, 0, 0, 0, 0, -0.07661789761474609, -0.1646645383105469, -0.9848648491967774, -9.463701233765304, -4.387723020910022]
[180, 0, 0, 0, 0, 180, -0.08688096829345703, -0.10544437696533204, -0.9927917844335937, -6.039742582055717, -4.973482286378429]
[180, 0, 0, 0, 0, 90, -0.05438124447753906, -0.1332266748803711, -0.9723739209448242, -7.789597759770858, -3.17143685674421]
[180, 0, 0, 0, 0, 0, -0.05144893856933594, -0.1554037723388672, -0.9786193850708008, -9.01092979997448, -2.972264752257002]
[180, 0, 0, 0, 90, 0, -0.06977585049560547, -0.16368972083984376, -0.9822225374511718, -9.438170229439937, -4.008297650968462]
[180, 0, 0, 0, 90, 180, -0.05535867978027344, -0.09155322800781249, -0.9925515742749024, -5.2619338015304615, -3.178846887929754]
[180, 0, 0, 0, 90, 90, -0.06953149166992187, -0.11519255167236328, -1.0011991399877929, -6.547649652728059, -3.946757125764639]
[180, 0, 0, 0, 90, 0, -0.08028328, -0.18099273094482424, -0.9863061101489258, -10.364875170279285, -4.577399414446472]
[180, 0, 0, 0, 180, 0, -0.025791261872558598, -0.13858817096923828, -0.9819823272924805, -8.030424489573765, -1.4897419502827636]
[180, 0, 0, 0, 180, 180, -0.03312202664306641, -0.08277987077148438, -0.9899092625292968, -4.7775018973538375, -1.9097216395879009]
[180, 0, 0, 0, 180, 90, -0.02139280301025391, -0.09374656731689454, -0.9980764079248047, -5.364666810972047, -1.2225124166120682]
[180, 0, 0, 0, 180, 0, -0.03263330899169922, -0.13590742292480468, -0.9730945514208985, -7.946384342127817, -1.902278581973059]
[180, 0, 90, 0, 180, 0, -0.043629456147460936, -0.14394966705810547, -0.9901494726879881, -8.263900783077942, -2.4968064557330156]
[180, 0, 90, 180, 180, 0, -0.10594095669677733, -0.1878164532397461, -0.9721337107861329, -10.872012534683774, -6.107361111277631]
[180, 0, 90, 180, 0, 0, -0.1460158041088867, -0.22388469965576174, -0.9618046739624023, -12.960310574813757, -8.410888961035226]
[180, 0, 90, 180, 0, 180, -0.16800809842041015, -0.16515194704589845, -0.9742956022143555, -9.483338608724125, -9.648898695673507]
[180, 0, 90, 180, 0, 90, -0.1513916982739258, -0.1580845203833008, -0.9800606460229492, -9.057317720821008, -8.670836663070826]
[180, 0, 90, 180, 0, 0, -0.13721888638427734, -0.20901873322753908, -0.9649274060253906, -12.104217162239674, -7.912458161011454]
[180, 0, 90, 180, 90, 0, -0.13770760403564453, -0.20316982840332032, -0.9579613114233397, -11.855812661575566, -8.004608098413433]
[180, 0, 90, 180, 90, 180, -0.15334656887939452, -0.1490674587792969, -1.0016795603051756, -8.36840318815576, -8.61042421485923]
[180, 0, 90, 180, 90, 90, -0.13648580990722656, -0.14760523257324218, -0.9754966530078125, -8.522542422932407, -7.876275968116823]
[180, 0, 90, 180, 90, 0, -0.1347752981274414, -0.19732092357910158, -0.9694913990405273, -11.397597422586152, -7.757290097771097]
[180, 0, 90, 180, 180, 0, -0.06635482693603516, -0.17831198290039063, -0.9769379139599609, -10.320572690130668, -3.8226713523656226]
[180, 0, 90, 180, 180, 180, -0.08492609768798828, -0.11397402983398439, -0.9807812764990235, -6.603970151276374, -4.915993726239838]
[180, 0, 90, 180, 180, 90, -0.08223815060546875, -0.12615924821777344, -0.9790998053881835, -7.316752780712008, -4.762025438223083]
[180, 0, 90, 180, 180, 0, -0.09543352719238281, -0.16271490336914063, -0.9863061101489258, -9.325157001509613, -5.453391507758609]
[180, 0, 90, 90, 180, 0, -0.07075328579833984, -0.17002603439941408, -0.9778987545947265, -9.838131029061818, -4.077314502628765]
[180, 0, 90, 90, 0, 0, -0.13746324520996092, -0.17709346106201174, -0.9829431679272461, -10.11682661918141, -7.836537399461044]
[180, 0, 90, 90, 0, 180, -0.13159863339355468, -0.14394966705810547, -0.9824627476098632, -8.262856672562995, -7.54956502499756]
[180, 0, 90, 90, 0, 90, -0.14479400998046876, -0.15369784176513673, -0.9807812764990235, -8.812370965436987, -8.298150533600118]
[180, 0, 90, 90, 0, 0, -0.12573402157714844, -0.2007327847265625, -0.9718935006274413, -11.57582590634373, -7.2206800586080435]
[180, 0, 90, 90, 90, 0, -0.12231299801757811, -0.19512758427001956, -0.9774183342773438, -11.204706200337645, -6.996204554172979]
[180, 0, 90, 90, 90, 180, -0.11938069210937499, -0.13858817096923828, -0.9839040085620118, -7.960049294850042, -6.8511130578999095]
[180, 0, 90, 90, 90, 90, -0.11449351559570312, -0.1449244845288086, -0.9733347615795899, -8.411668341080787, -6.636384673448408]
[180, 0, 90, 90, 90, 0, -0.12182428036621093, -0.19147201875488282, -0.9711728701513672, -11.068557601113433, -7.016182228663544]
[180, 0, 90, 90, 180, 0, -0.07539610348632812, -0.1671015819873047, -0.9829431679272461, -9.620386590334904, -4.324448062723757]
[180, 0, 90, 90, 180, 180, -0.07148636227539062, -0.1125118036279297, -0.9980764079248047, -6.41542617916415, -4.071067013852078]
[180, 0, 90, 90, 180, 90, -0.08272686825683594, -0.13127703993896483, -0.9793400155468749, -7.608007498225052, -4.78582579886009]
[180, 0, 90, 90, 180, 0, -0.0687984151928711, -0.16758899072265626, -0.9867865304663085, -9.615844829426967, -3.9320650040493814]
[180, 0, 90, 0, 180, 0, -0.028479208955078127, -0.13858817096923828, -0.9867865304663085, -7.991270427222578, -1.6370717369703562]
[180, 0, 90, 0, 0, 0, -0.07002020932128906, -0.13468890108642578, -0.9853452695141601, -7.764300983122549, -4.027370855062013]
[180, 0, 90, 0, 0, 180, -0.10667403317382812, -0.09935176777343749, -0.9788595952294922, -5.761648765606197, -6.1878856639918265]
[180, 0, 90, 0, 0, 90, -0.0917681448071289, -0.1332266748803711, -0.9939928352270507, -7.602012773139121, -5.2282609654710415]
[180, 0, 90, 0, 0, 0, -0.07490738583496094, -0.157840816015625, -0.9822225374511718, -9.103255501379447, -4.306081567732397]
[180, 0, 90, 0, 90, 0, -0.07221943875244141, -0.1568659985449219, -0.9848648491967774, -9.026029139186328, -4.1419280626799635]
[180, 0, 90, 0, 90, 180, -0.07124200344970703, -0.10349474202392578, -0.9949536758618164, -5.923473139423644, -4.073674291680742]
[180, 0, 90, 0, 90, 90, -0.07368559170654297, -0.1137303254663086, -0.9879875812597655, -6.54856361225654, -4.237428375643934]
[180, 0, 90, 0, 90, 0, -0.08028328, -0.157840816015625, -0.9848648491967774, -9.075562691671973, -4.601810954001506]
[180, 0, 90, 0, 180, 0, -0.04558432675292969, -0.14029410154296876, -0.9990372485595703, -7.985532190065959, -2.5871442463737964]
[180, 0, 90, 0, 180, 180, -0.04753919735839844, -0.09886435903808594, -0.9875071609423828, -5.710551873794691, -2.7424375681238256]
[180, 0, 90, 0, 180, 90, -0.057802268037109375, -0.09228434111083986, -0.9911103133227538, -5.310618992610134, -3.3234071462202466]
[180, 0, 90, 0, 180, 0, -0.04240766201904297, -0.1383444666015625, -0.9807812764990235, -8.021510432377386, -2.4516109992820043]
[180, 0, 180, 0, 180, 0, -0.08443738003662109, -0.11275550799560546, -0.9944732555444337, -6.445697152781803, -4.8224008475095115]
[180, 0, 180, 180, 180, 0, -0.09958762722900391, -0.1607652684277344, -0.9793400155468749, -9.275349103584105, -5.730190537155562]
[180, 0, 180, 180, 0, 0, -0.1741170690625, -0.2007327847265625, -0.9630057247558593, -11.591627882146339, -10.037476013522637]
[180, 0, 180, 180, 0, 180, -0.19146654568603516, -0.12055404776123047, -0.9745358123730469, -6.920905994114105, -11.033285043987853]
[180, 0, 180, 180, 0, 90, -0.20392884579589843, -0.1410252146459961, -0.9706924498339843, -8.092041438932059, -11.74467171933777]
[180, 0, 180, 180, 0, 0, -0.1856019338696289, -0.19220313185791016, -0.962285094279785, -11.096098793871356, -10.710419058976601]
[180, 0, 180, 180, 90, 0, -0.17485014553955078, -0.19683351484375, -0.9819823272924805, -11.163376268100437, -9.903206660756176]
[180, 0, 180, 180, 90, 180, -0.18022603970458984, -0.1449244845288086, -0.9668490872949219, -8.382516815130106, -10.444988323467811]
[180, 0, 180, 180, 90, 90, -0.18340270443847656, -0.142243736484375, -0.9949536758618164, -8.003127622045472, -10.341409966921102]
[180, 0, 180, 180, 90, 0, -0.15921118069580076, -0.18318607025390626, -0.9697316091992186, -10.559215025617563, -9.16441963698331]
[180, 0, 180, 180, 180, 0, -0.1191363332836914, -0.15028598061767579, -0.9803008561816405, -8.653231480673037, -6.849942122438344]
[180, 0, 180, 180, 180, 180, -0.11644838620117187, -0.09325915858154296, -0.9728543412622069, -5.437143637313186, -6.794840137569269]
[180, 0, 180, 180, 180, 90, -0.1196250509350586, -0.11080587305419923, -0.9834235882446288, -6.381958614127344, -6.892278775696682]
[180, 0, 180, 180, 180, 0, -0.14161734524658204, -0.13468890108642578, -0.9829431679272461, -7.723655043079102, -8.123579337218901]
[180, 0, 180, 90, 180, 0, -0.11644838620117187, -0.14711782383789063, -0.9800606460229492, -8.478221355179986, -6.701585908964815]
[180, 0, 180, 90, 0, 0, -0.16043297482421875, -0.19805203668212892, -0.9579613114233397, -11.524824999763377, -9.313877547132925]
[180, 0, 180, 90, 0, 180, -0.17582758084228514, -0.1256718394824219, -0.9572406809472657, -7.357623557580561, -10.321524078661]
[180, 0, 180, 90, 0, 90, -0.15921118069580076, -0.14321855395507813, -0.9807812764990235, -8.20202052375179, -9.125326652655264]
[180, 0, 180, 90, 0, 0, -0.1731396337597656, -0.18464829645996095, -0.9685305584057616, -10.629215565155764, -9.95973600895026]
[180, 0, 180, 90, 90, 0, -0.15896682187011718, -0.17465641738525392, -0.9694913990405273, -10.080643733357544, -9.166883009542534]
[180, 0, 180, 90, 90, 180, -0.16043297482421875, -0.11446143856933594, -0.9589221520581054, -6.71443243857541, -9.43219195239382]
[180, 0, 180, 90, 90, 90, -0.16849681607177736, -0.1490674587792969, -0.9757368631665039, -8.561360275337435, -9.687360418997688]
[180, 0, 180, 90, 90, 0, -0.17142912197998045, -0.19220313185791016, -0.9668490872949219, -11.075065645489342, -9.865307737241839]
[180, 0, 180, 90, 180, 0, -0.11742582150390624, -0.14443707579345702, -0.9730945514208985, -8.382866924187113, -6.80689488345444]
[180, 0, 180, 90, 180, 180, -0.15334656887939452, -0.08351098387451172, -0.9925515742749024, -4.753274867044719, -8.752162738660436]
[180, 0, 180, 90, 180, 90, -0.1269558157055664, -0.1176295953491211, -0.9858256898315428, -6.749196622339941, -7.287099808538952]
[180, 0, 180, 90, 180, 0, -0.12622273922851562, -0.13517630982177734, -0.9834235882446288, -7.763634810018078, -7.2465414413921545]
[180, 0, 180, 0, 180, 0, -0.07368559170654297, -0.10617549006835938, -0.998797038400879, -6.051622548012856, -4.1957594495979444]
[180, 0, 180, 0, 0, 0, -0.13428658047607422, -0.1407815102783203, -0.9817421171337891, -8.08627732880227, -7.710893602283676]
[180, 0, 180, 0, 0, 180, -0.1460158041088867, -0.08570432318359375, -0.9740553920556639, -4.973058611238943, -8.493112925999098]
[180, 0, 180, 0, 0, 90, -0.14528272763183592, -0.10715030753906249, -0.9853452695141601, -6.14031143108982, -8.33899405672839]
[180, 0, 180, 0, 0, 0, -0.11986940976074217, -0.15199191119140626, -0.9771781241186522, -8.776288126760225, -6.911189823368272]
[180, 0, 180, 0, 90, 0, -0.11327172146728515, -0.1539415461328125, -0.9831833780859375, -8.841264015411154, -6.4935958734698085]
[180, 0, 180, 0, 90, 180, -0.11620402737548827, -0.0774183746826172, -0.9807812764990235, -4.482087144444264, -6.736205961586976]
[180, 0, 180, 0, 90, 90, -0.11376043911865234, -0.10520067259765625, -0.9718935006274413, -6.136244889744058, -6.637687102399653]
[180, 0, 180, 0, 90, 0, -0.1076514684765625, -0.1410252146459961, -0.9728543412622069, -8.198800683317705, -6.249595147971985]
[180, 0, 180, 0, 180, 0, -0.09127942715576172, -0.12737777005615233, -0.9829431679272461, -7.352419064339231, -5.261717777325705]
[180, 0, 180, 0, 180, 180, -0.05315945034912109, -0.06596426940185547, -0.9920711539575194, -3.7986475173909504, -3.0604765510261167]
[180, 0, 180, 0, 180, 90, -0.09030199185302734, -0.0813176445654297, -0.9894288422119141, -4.679017223058644, -5.197327790777863]
[180, 0, 180, 0, 180, 0, -0.08761404477050781, -0.126646656953125, -0.9990372485595703, -7.197441244663086, -4.972337511648959]
[180, 0, 180, 0, 180, 0, -0.08761404477050781, -0.126646656953125, -0.9990372485595703, -7.197441244663086, -4.972337511648959]
[180, 0, 180, 0, 180, 0, -0.07221943875244141, -0.11957923029052733, -0.9855854796728515, -6.899457954339173, -4.160494600670967]
[180, 180, 180, 0, 180, 0, -0.04631740322998047, -0.14175632774902344, -0.9884680015771484, -8.152325791160429, -2.655659653363098]
[180, 180, 0, 0, 180, 0, 0.017704609099121082, -0.17270678244384766, -0.998316618083496, -9.813397289205945, 1.0011357618679524]
[180, 180, 0, 180, 180, 0, -0.018216138276367193, -0.2009764890942383, -0.9805410663403319, -11.581251197644079, -1.0426274355852683]
[180, 180, 0, 180, 0, 0, -0.07710661526611327, -0.22973360447998048, -0.9709326599926756, -13.271707456481991, -4.4191012148197615]
[180, 180, 0, 180, 0, 180, -0.06586610928466796, -0.19439647116699219, -0.9795802257055665, -11.199797660703926, -3.773362624075718]
[180, 180, 0, 180, 0, 90, -0.06391123867919922, -0.2009764890942383, -0.9706924498339843, -11.672917239943473, -3.6889518540959747]
[180, 180, 0, 180, 0, 0, -0.0719750799267578, -0.2489862495263672, -0.9620448841210937, -14.471561393522135, -4.142601436137425]
[180, 180, 0, 180, 90, 0, -0.06317816220214843, -0.23753214424560548, -0.9848648491967774, -13.532986967106037, -3.568399262629479]
[180, 180, 0, 180, 90, 180, -0.043873814973144534, -0.17270678244384766, -0.9812616968164062, -9.972334088366573, -2.521378690163278]
[180, 180, 0, 180, 90, 90, -0.043385097321777345, -0.18342977462158205, -0.9771781241186522, -10.621261286466886, -2.498585825992316]
[180, 180, 0, 180, 90, 0, -0.059268420991210935, -0.23168323942138672, -0.9776585444360352, -13.308324690781365, -3.3759132315304328]
[180, 180, 0, 180, 180, 0, -0.007219991120605479, -0.20804391575683595, -0.9827029577685548, -11.953040672190685, -0.4118214382836378]
[180, 180, 0, 180, 180, 180, 0.027478962126464834, -0.16929492129638674, -0.9774183342773438, -9.822686956278767, 1.5867654351010732]
[180, 180, 0, 180, 180, 90, 0.012328714934082025, -0.17319419117919924, -0.9975959876074217, -9.848301915013256, 0.697615236552921]
[180, 180, 0, 180, 180, 0, -0.00013358517578125617, -0.20536316771240234, -0.960363413010254, -12.070284461692594, -0.00779356394353568]
[180, 180, 0, 90, 180, 0, 0.010618203154296874, -0.20024537599121095, -0.9817421171337891, -11.527792415818467, 0.6071678423765201]
[180, 180, 0, 90, 0, 0, -0.059268420991210935, -0.21876690793457032, -0.9839040085620118, -12.51358731431293, -3.3652329895626094]
[180, 180, 0, 90, 0, 180, -0.06317816220214843, -0.17660605232666016, -0.9877473711010741, -10.11693865385, -3.602779161941827]
[180, 180, 0, 90, 0, 90, -0.04851663266113281, -0.18708534013671876, -0.9858256898315428, -10.73285178754498, -2.7681658559816755]
[180, 180, 0, 90, 0, 0, -0.04020843258789063, -0.23777584861328127, -0.9666088771362303, -13.808300428654544, -2.3131052063170845]
[180, 180, 0, 90, 90, 0, -0.0372761266796875, -0.22851508264160159, -0.960363413010254, -13.37472197978197, -2.1624815492111567]
[180, 180, 0, 90, 90, 180, -0.06171200924804687, -0.17270678244384766, -0.9879875812597655, -9.896590487685929, -3.5209315899353735]
[180, 180, 0, 90, 90, 90, -0.03849792080810547, -0.1892786794458008, -0.9819823272924805, -10.901878985782185, -2.2045522202627668]
[180, 180, 0, 90, 90, 0, -0.0372761266796875, -0.22217876908203127, -0.9865463203076171, -12.683004673384449, -2.111038076304823]
[180, 180, 0, 90, 180, 0, -0.013817679414062506, -0.1839171833569336, -0.9863061101489258, -10.561659539529375, -0.7890351928772606]
[180, 180, 0, 90, 180, 180, 0.0037761560351562418, -0.1566222941772461, -0.9778987545947265, -9.099264435571579, 0.21846233634122447]
[180, 180, 0, 90, 180, 90, -0.016749985322265626, -0.1680763994580078, -0.9718935006274413, -9.81009116864526, -0.9729210239058592]
[180, 180, 0, 90, 180, 0, 0.006952820769042967, -0.18196754841552734, -0.9735749717382812, -10.58654102821999, 0.4022080806826108]
[180, 180, 0, 0, 180, 0, 0.02967819155761718, -0.17831198290039063, -0.9781389647534179, -10.326761004689786, 1.7097459811899576]
[180, 180, 0, 0, 0, 0, 0.0015769266040038948, -0.20950614196289064, -0.9637263552319336, -12.26478122701908, 0.09161211753561098]
