[90, 90, 90, 90, 90, 90, -0.10203121309083646, -0.053047941899286986, -0.9800606475600495, -3.0816146451331035, -5.93485801562123]
[90, 180, 90, 90, 90, 90, -0.09641096010266326, -0.05914055107248052, -0.9954340976738676, -3.3842508862056806, -5.522346494738912]
[90, 180, 0, 90, 90, 90, -0.0773509717079889, -0.0779057873259166, -1.0002383008344355, -4.440413552044387, -4.408727817178776]
[90, 180, 0, 180, 90, 90, -0.09421173067250851, -0.07912430916055531, -1.0009589313085208, -4.499941352557536, -5.360299377308645]
[90, 180, 0, 180, 0, 90, -0.08223814821944385, -0.09472138864393076, -0.9947134671997824, -5.421191847372617, -4.705004624447591]
[90, 180, 0, 180, 0, 180, -0.09738839540495424, -0.0796117178944108, -0.991590735145413, -4.5683661307191885, -5.591398053438697]
[90, 180, 0, 180, 0, 90, -0.1184032544042106, -0.0820487615636882, -0.9995176703603503, -4.660354269861784, -6.733357519175459]
[90, 180, 0, 180, 0, 0, -0.09934326600953623, -0.13639483538857453, -0.9875071624589302, -7.82495442737159, -5.69096303690845]
[90, 180, 0, 180, 90, 0, -0.08639224825418057, -0.12299109520754875, -0.986786531984845, -7.077796032356704, -4.965211558222674]
[90, 180, 0, 180, 90, 180, -0.08272686587058935, -0.08570432706760432, -1.0141704900000832, -4.814492246595966, -4.6468572032425035]
[90, 180, 0, 180, 90, 90, -0.1042304425209912, -0.0808302397290495, -0.9935124164096403, -4.625952347594789, -5.969472030802986]
[90, 180, 0, 180, 90, 0, -0.10154249543969096, -0.11762959913513844, -0.9980764094121799, -6.687456219361279, -5.76952214067224]
[90, 180, 0, 180, 180, 0, -0.023592030081984287, -0.10836883319188427, -0.9894288437231573, -6.2487387468299875, -1.357790146869312]
[90, 180, 0, 180, 180, 180, -0.057313548011023535, -0.04866126329458764, -1.0031208227307764, -2.7727189398389056, -3.2662204003874717]
[90, 180, 0, 180, 180, 90, -0.06342251865034224, -0.08399839649911015, -0.9944732570417538, -4.818297922122834, -3.6361827005355507]
[90, 180, 0, 180, 180, 0, -0.005509476989600914, -0.1032510414864017, -0.9956743078318959, -5.920298898430151, -0.3153469749768512]
[90, 180, 0, 90, 180, 0, -0.03678740666291269, -0.09642731921242494, -0.9872669523009017, -5.5745961581245, -2.123863210337294]
[90, 180, 0, 90, 0, 0, -0.08272686587058935, -0.11397403363122231, -0.9987970398862651, -6.4879116188544, -4.704409951308377]
[90, 180, 0, 90, 0, 180, -0.10447480134656395, -0.07888060479362757, -0.9959145179899243, -4.503999637569078, -5.970056420573758]
[90, 180, 0, 90, 0, 90, -0.07148635989424293, -0.09862065851477461, -0.9875071624589302, -5.688334574156118, -4.120036665817038]
[90, 180, 0, 90, 0, 0, -0.09421173067250851, -0.12299109520754875, -0.9735749732932828, -7.166871163858034, -5.483919677120322]
[90, 180, 0, 90, 90, 0, -0.0763735364056979, -0.14029410525941838, -0.9918309453034415, -8.027601219474397, -4.360001842605505]
[90, 180, 0, 90, 90, 180, -0.08126071291715287, -0.07741837859206112, -0.9975959890961232, -4.422950654538054, -4.6429354165574255]
[90, 180, 0, 90, 90, 90, -0.06366687747591498, -0.10057029345019655, -1.001679561782606, -5.721908505365619, -3.6186900140574783]
[90, 180, 0, 90, 90, 0, -0.07173071871981568, -0.1327392698846584, -0.9913505249873846, -7.606743132151774, -4.1020318125376]
[90, 180, 0, 90, 180, 0, -0.040941506697649406, -0.11592366856664425, -0.9887082132490721, -6.681586901116943, -2.3550971991423415]
[90, 180, 0, 90, 180, 180, -0.010641012326628632, -0.07156947378579533, -0.9920711554614698, -4.12601706553244, -0.6129414612717228]
[90, 180, 0, 90, 180, 90, -0.019926647698393064, -0.05816573360476955, -0.9956743078318959, -3.3426620488498, -1.1445690529341614]
[90, 180, 0, 90, 180, 0, -0.0353212537094762, -0.10909994629266749, -0.9975959890961232, -6.237349213848353, -2.0157797919155427]
[90, 180, 0, 0, 180, 0, 0.012328717277209703, -0.10251992838561848, -0.9973557789380947, -5.868474533067187, 0.7045083714259235]
[90, 180, 0, 0, 0, 0, -0.02799048894229375, -0.1256718432437539, -0.9882277929330154, -7.244466154332201, -1.6094526600503305]
[90, 180, 0, 0, 0, 180, -0.051448936197277584, -0.060115368540191484, -0.996875358622038, -3.446398049329794, -2.949077445446597]
[90, 180, 0, 0, 0, 90, -0.03825355961634918, -0.08351098776525465, -1.0019197719406345, -4.761192348839297, -2.178957246548936]
[90, 180, 0, 0, 0, 0, -0.0419189419999404, -0.10373845022025718, -0.9879875827749869, -5.9887300561116, -2.416256078305902]
[90, 180, 0, 0, 90, 0, -0.03263330662817597, -0.10373845022025718, -0.9999980906764072, -5.919472880375114, -1.859121180896945]
[90, 180, 0, 0, 90, 180, -0.04411817143009514, -0.04987978512922635, -0.9959145179899243, -2.8644246102474242, -2.533325033845924]
[90, 180, 0, 0, 90, 90, -0.04778355381368636, -0.06645168208031277, -1.0021599820986629, -3.789348848668227, -2.723855142451506]
[90, 180, 0, 0, 90, 0, -0.028967924244584747, -0.1103184681273062, -0.9925515757775267, -6.339507828406588, -1.6614951211346927]
[90, 180, 0, 0, 180, 0, -0.0011110181292914578, -0.09935177161555783, -0.9947134671997824, -5.70377015558671, -0.06367809764267451]
[90, 180, 0, 0, 180, 180, -0.0057538358151736635, -0.03745086241591154, -0.9961547281479528, -2.1530094171930476, -0.330705769280711]
[90, 180, 0, 0, 180, 90, -0.0006223004781459596, -0.039887906085188954, -1.0014393516245776, -2.2809177571234427, -0.03557573099982068]
[90, 180, 0, 0, 180, 0, 0.028700758590583825, -0.10154511091790751, -0.9971155687800664, -5.812498831194106, 1.64025502328922]
[90, 180, 90, 0, 180, 0, -0.012351524105637862, -0.0808302397290495, -0.9923113656194982, -4.6564747541623746, -0.7107827647921325]
[90, 180, 90, 180, 180, 0, -0.051448936197277584, -0.08765396200302625, -0.9978361992541516, -5.013580390872141, -2.94028279971682]
[90, 180, 90, 180, 0, 0, -0.12426786621795655, -0.1480926450011061, -0.9903896843552711, -8.439200470170384, -7.07390270279747]
[90, 180, 90, 180, 0, 180, -0.09983198366068173, -0.06669538644724049, -0.9963949383059811, -3.81045614063046, -5.708861715216385]
[90, 180, 90, 180, 0, 90, -0.11009505433473715, -0.0891161882045927, -0.996875358622038, -5.077696989878265, -6.277381890143591]
[90, 180, 90, 180, 0, 0, -0.1118055661137464, -0.13590742665471905, -1.0024001922566912, -7.6741785662971616, -6.3071082178372775]
[90, 180, 90, 180, 90, 0, -0.08419301882402584, -0.12957111311459776, -0.9817421186662485, -7.491306050273952, -4.859685808190639]
[90, 180, 90, 180, 90, 180, -0.09274557771907203, -0.06815761264880695, -0.9959145179899243, -3.8982438975677205, -5.30803951635461]
[90, 180, 90, 180, 90, 90, -0.1225573544389473, -0.0849732139668211, -0.9999980906764072, -4.821048351440619, -6.962345302166994]
[90, 180, 90, 180, 90, 0, -0.12084684265993807, -0.14858005373496158, -0.9846246405625894, -8.518231773393513, -6.919574994212768]
[90, 180, 90, 180, 180, 0, -0.06244508334805125, -0.09691472794628042, -0.991590735145413, -5.571199909797964, -3.586379698043224]
[90, 180, 90, 180, 180, 180, -0.04827227146483185, -0.027702687738801888, -1.0002383008344355, -1.5846200191989828, -2.7619372592814817]
[90, 180, 90, 180, 180, 90, -0.06953148928966095, -0.049636080762298605, -0.9985568297282368, -2.8388432945265474, -3.978293150302008]
[90, 180, 90, 180, 180, 0, -0.05267073032514132, -0.10203251965176299, -0.999277460202322, -5.822028829884597, -3.001622865327211]
[90, 180, 90, 90, 180, 0, -0.06024585391789652, -0.08887248383766497, -1.0172932220544524, -4.984093356464749, -3.3763661554350946]
[90, 180, 90, 90, 0, 0, -0.12157991913665632, -0.10885624192573976, -0.9954340976738676, -6.195137775853653, -6.922613368481279]
[90, 180, 90, 90, 0, 180, -0.10349736604427295, -0.061821299108685675, -1.0072043954172594, -3.4940047356399604, -5.8560103539030255]
[90, 180, 90, 90, 0, 90, -0.13697452514773945, -0.07814949169284435, -0.9935124164096403, -4.455639295372736, -7.825950397900986]
[90, 180, 90, 90, 0, 0, -0.09909890718396348, -0.15004227993652802, -0.991590735145413, -8.562405026692481, -5.643333079890045]
[90, 180, 90, 90, 90, 0, -0.11327171906718288, -0.12786518254610357, -0.9901494741972425, -7.311132391030564, -6.47289900965315]
[90, 180, 90, 90, 90, 180, -0.0702645657663792, -0.06425834277796308, -0.9884680030910438, -3.710115755777661, -4.057455932318267]
[90, 180, 90, 90, 90, 90, -0.08370430117288034, -0.08692284890224303, -0.9944732570417538, -4.977782530251966, -4.793027491646022]
[90, 180, 90, 90, 90, 0, -0.09176814241678104, -0.1327392698846584, -0.9942330468837255, -7.572731056999837, -5.227361675673542]
[90, 180, 90, 90, 180, 0, -0.05804662448774178, -0.11373032926429458, -0.9754966545575099, -6.638290579059419, -3.3824950194119654]
[90, 180, 90, 90, 180, 180, -0.0282348477678665, -0.02624046153723544, -1.0132096493679694, -1.4829592917859165, -1.5956985992743933]
[90, 180, 90, 90, 180, 90, -0.034588177232757956, -0.060846481640974705, -0.9966351484640095, -3.4915836498402886, -1.9839586245060437]
[90, 180, 90, 90, 180, 0, -0.04778355381368636, -0.08984730130537592, -0.9937526265676686, -5.160258082599061, -2.7417212852068853]
[90, 180, 90, 0, 180, 0, -0.016261265314801834, -0.09252804934158108, -0.9882277929330154, -5.348305709398891, -0.9386111269129149]
[90, 180, 90, 0, 0, 0, -0.05486995975529606, -0.1173858947682107, -0.9899092640392142, -6.752425804635484, -3.150588179028468]
[90, 180, 90, 0, 0, 180, -0.05389252445300506, -0.0696198388503734, -0.9973557789380947, -3.987223407348746, -3.0854991230846927]
[90, 180, 90, 0, 0, 90, -0.046806118511395364, -0.05767832487091407, -0.9939928367256972, -3.3173049561910175, -2.6914880648267974]
[90, 180, 90, 0, 0, 0, -0.07881712466142538, -0.11202439869580039, -0.9911103148293563, -6.4286017735957595, -4.5181754390678694]
[90, 180, 90, 0, 90, 0, -0.05218201267399583, -0.11324292053043909, -0.9807812780341347, -6.5770967276542445, -3.0254614152954584]
[90, 180, 90, 0, 90, 180, -0.0221258771285478, -0.04744274145994894, -0.9961547281479528, -2.7260300063391427, -1.2709635792815892]
[90, 180, 90, 0, 90, 90, -0.056824830359878044, -0.060115368540191484, -0.9896690538811859, -3.4703389858933233, -3.280169011141061]
[90, 180, 90, 0, 90, 0, -0.057313548011023535, -0.11202439869580039, -0.9975959890961232, -6.396690748751822, -3.267630287893429]
[90, 180, 90, 0, 180, 0, -0.026524335988857263, -0.087897666369954, -0.9887082132490721, -5.078508471631686, -1.5306863168970248]
[90, 180, 90, 0, 180, 180, -0.007219988768610158, -0.03793827114976702, -0.9999980906764072, -2.1726084114538615, -0.41337111762039774]
[90, 180, 90, 0, 180, 90, -0.014306394710219855, -0.04939237639537086, -0.9956743078318959, -2.839648824856998, -0.8221896636237004]
[90, 180, 90, 0, 180, 0, -0.02310331243083879, -0.0991080672486301, -0.9949536773578107, -5.686986951656609, -1.3236488000977191]
[90, 180, 180, 0, 180, 0, -0.05877970096446003, -0.07132576941886759, -0.9875071624589302, -4.12391758719116, -3.3975854962037797]
[90, 180, 180, 180, 180, 0, -0.10251993074198196, -0.06328352531025212, -1.0024001922566912, -3.5937059874762136, -5.828067469731474]
[90, 180, 180, 180, 0, 0, -0.14699323699622213, -0.10471326768796815, -0.98150190850822, -6.022998213750637, -8.470152786975545]
[90, 180, 180, 180, 0, 180, -0.15212477233324984, -0.04695533272609345, -0.9923113656194982, -2.677927720718098, -8.706192958639738]
[90, 180, 180, 180, 0, 90, -0.14308349578705815, -0.0567035074032031, -0.9913505249873846, -3.2401486241390307, -8.199672556898772]
[90, 180, 180, 180, 0, 0, -0.16458707243746, -0.10641919825646234, -0.9860659015107598, -6.0762730827467415, -9.422321550443442]
[90, 180, 180, 180, 90, 0, -0.14552708404278564, -0.10836883319188427, -0.9822225389823052, -6.228542794151466, -8.37758315950284]
[90, 180, 180, 180, 90, 180, -0.16703066069318748, -0.05231682879850376, -0.9860659015107598, -2.9944666200024534, -9.600875631106339]
[90, 180, 180, 180, 90, 90, -0.15627887236798654, -0.06230870784254115, -0.9771781256637087, -3.6028031483328924, -9.068186966035507]
[90, 180, 180, 180, 90, 0, -0.166541943042042, -0.10666290262339008, -0.9819823288242768, -6.112552153429878, -9.570399642065137]
[90, 180, 180, 180, 180, 0, -0.09396737184693577, -0.0766872654912779, -1.0084054462074015, -4.330173858912333, -5.308443073075928]
[90, 180, 180, 180, 180, 180, -0.10911761903244616, -0.027215279004946403, -0.9997578805183789, -1.5501122376742278, -6.226549225642996]
[90, 180, 180, 180, 180, 90, -0.09201250124235379, -0.018441921795547718, -0.9963949383059811, -1.0558548523752533, -5.275140501659332]
[90, 180, 180, 180, 180, 0, -0.10349736604427295, -0.07498133492278371, -0.9954340976738676, -4.284674690151295, -5.919185114786889]
[90, 180, 180, 90, 180, 0, -0.08810276003318981, -0.0861917358014598, -0.9906298945132994, -4.953158822831477, -5.063262806460166]
[90, 180, 180, 90, 0, 0, -0.15163605468210434, -0.10544438078875137, -0.9836637999304756, -6.047592715677262, -8.714260123409149]
[90, 180, 180, 90, 0, 180, -0.15725630767027754, -0.04354347158910507, -0.9896690538811859, -2.4881009663657156, -9.02011256928911]
[90, 180, 180, 90, 0, 90, -0.14332785461263092, -0.06742649954802372, -0.972614132661169, -3.923448970936435, -8.363186777263836]
[90, 180, 180, 90, 0, 0, -0.17045168425120594, -0.10398215458718492, -0.972614132661169, -6.011382255969559, -9.88499315602371]
[90, 180, 180, 90, 90, 0, -0.14308349578705815, -0.08887248383766497, -0.9824627491403337, -5.1151725955159435, -8.25293197809877]
[90, 180, 180, 90, 90, 180, -0.15212477233324984, -0.05109830696386505, -0.9932722062516119, -2.911067261303126, -8.696159534504119]
[90, 180, 180, 90, 90, 90, -0.13184298981071174, -0.07108206505193984, -0.9882277929330154, -4.078122742640549, -7.579805604717986]
[90, 180, 180, 90, 90, 0, -0.14845938994965863, -0.11129328559501717, -0.9747760240834247, -6.439812511279294, -8.60460354988276]
[90, 180, 180, 90, 180, 0, -0.08199378939387111, -0.08180505719676046, -0.9925515757775267, -4.695685523971171, -4.706543330308939]
[90, 180, 180, 90, 180, 180, -0.09298993654464477, -0.027215279004946403, -1.002880612572748, -1.5478239870419948, -5.29554176216562]
[90, 180, 180, 90, 180, 90, -0.07246379519653393, -0.03915679298440573, -0.9908701046713277, -2.2569921578192216, -4.179428486220068]
[90, 180, 180, 90, 180, 0, -0.09909890718396348, -0.08716655326917078, -0.9999980906764072, -4.9575319185510125, -5.638240969920549]
[90, 180, 180, 0, 180, 0, -0.05902405979003278, -0.07351910872121725, -0.9999980906764072, -4.197498656230678, -3.3688457429779706]
[90, 180, 180, 0, 0, 0, -0.09934326600953623, -0.10251992838561848, -0.9730945529772259, -5.983312308480638, -5.797269005531959]
[90, 180, 180, 0, 0, 180, -0.10594095430000043, -0.03793827114976702, -0.9735749732932828, -2.2184902008292915, -6.205614095307728]
[90, 180, 180, 0, 0, 90, -0.08736968355647157, -0.07035095195115662, -0.9899092640392142, -4.049377715786095, -5.031248225358396]
[90, 180, 180, 0, 0, 0, -0.1179145367530651, -0.09301545807543657, -0.9894288437231573, -5.333031044619974, -6.766577604602318]
[90, 180, 180, 0, 90, 0, -0.08712532473089882, -0.09788954541399139, -1.0024001922566912, -5.5567250863127375, -4.944075357168465]
[90, 180, 180, 0, 90, 180, -0.1230460720900928, -0.035013818746634125, -0.9894288437231573, -2.011252082766593, -7.084558814950981]
[90, 180, 180, 0, 90, 90, -0.08785840120761707, -0.0413501322867554, -0.9939928367256972, -2.372892010351497, -5.046868183777859]
[90, 180, 180, 0, 90, 0, -0.09176814241678104, -0.10081399781712429, -0.9901494741972425, -5.789006807747648, -5.268027971169651]
[90, 180, 180, 0, 180, 0, -0.062689442173624, -0.05938425543940826, -0.9995176703603503, -3.3934598403930636, -3.5825717662255725]
[90, 180, 180, 0, 180, 180, -0.056091753883159796, -0.014786356291631596, -1.0021599820986629, -0.8439877195045105, -3.203203509558958]
[90, 180, 180, 0, 180, 90, -0.07270815402210667, -0.030870844508862523, -0.9930319960935834, -1.7758562116168806, -4.185614454041839]
[90, 180, 180, 0, 180, 0, -0.055358677406441556, -0.07546874365663919, -0.9966351484640095, -4.323735556725443, -3.1702028487010687]
[90, 90, 180, 0, 180, 0, -0.07515174227783415, -0.07327540435428952, -0.9990372500442937, -4.183129035056004, -4.290443115070015]
[90, 90, 0, 0, 180, 0, 0.0010882113008632843, -0.10958735502652298, -0.9901494741972425, -6.31565063630635, 0.06258800932478217]
[90, 90, 0, 180, 180, 0, -0.04924970676712285, -0.12420961704218746, -0.9990372500442937, -7.078668260740594, -2.8007063084977224]
[90, 90, 0, 180, 0, 0, -0.1220686367878018, -0.1563785934766493, -0.9774183358217372, -9.020887595644439, -7.030247542030345]
[90, 90, 0, 180, 0, 180, -0.10129813661411821, -0.11251180742965587, -0.9882277929330154, -6.461706425011649, -5.815344884364226]
[90, 90, 0, 180, 0, 90, -0.11962504853207434, -0.13054593058230873, -0.9774183358217372, -7.5518231106681, -6.916841281239138]
[90, 90, 0, 180, 0, 0, -0.1159596661484831, -0.17441271662930216, -0.9829431694563904, -9.993903193084831, -6.625640448694684]
[90, 90, 0, 180, 90, 0, -0.10178685426526371, -0.16466454195219252, -0.9908701046713277, -9.386777650243847, -5.786315444551881]
[90, 90, 0, 180, 90, 180, -0.09421173067250851, -0.11178069432887265, -0.9995176703603503, -6.353209728459611, -5.351464685137456]
[90, 90, 0, 180, 90, 90, -0.09861018953281799, -0.12104146027212681, -0.9841442202465325, -6.977095286652429, -5.679365891087737]
[90, 90, 0, 180, 90, 0, -0.10398608369541845, -0.18123643890327892, -0.9771781256637087, -10.449520441667396, -5.9731409712323185]
[90, 90, 0, 180, 180, 0, -0.04265201847665864, -0.15491636727508287, -0.9913505249873846, -8.873587849351834, -2.4340788523295482]
[90, 90, 0, 180, 180, 180, -0.07832840701027989, -0.09935177161555783, -0.9944732570417538, -5.687643343339905, -4.481314385056559]
[90, 90, 0, 180, 180, 90, -0.04289637730223139, -0.09813324978091913, -0.9954340976738676, -5.625031788340227, -2.4556389245129355]
[90, 90, 0, 180, 180, 0, -0.045828683209104375, -0.1410252183602016, -0.999277460202322, -8.024617564197344, -2.6001191917689126]
[90, 90, 0, 90, 180, 0, -0.04436253025566789, -0.15784081967821575, -1.001679561782606, -8.946189305471092, -2.5049976503177023]
[90, 90, 0, 90, 0, 0, -0.10838454255572791, -0.17416901226237444, -0.9803008577180781, -10.014774532035338, -6.212627525459879]
[90, 90, 0, 90, 0, 180, -0.08761404238204432, -0.10715031135724556, -0.9975959890961232, -6.107222515485469, -4.9905753189830575]
[90, 90, 0, 90, 0, 90, -0.12426786621795655, -0.165151950686048, -0.9762172850315951, -9.52667052372556, -7.1538913026748565]
[90, 90, 0, 90, 0, 0, -0.08077199526600737, -0.17441271662930216, -0.9735749732932828, -10.122554345438648, -4.668655727023332]
[90, 90, 0, 90, 90, 0, -0.09103506594006279, -0.17904309960092926, -0.9738151834513111, -10.373662753963433, -5.253110239634874]
[90, 90, 0, 90, 90, 180, -0.09127942476563554, -0.12445332140911519, -1.0002383008344355, -7.063448077478674, -5.174555786990495]
[90, 90, 0, 90, 90, 90, -0.10129813661411821, -0.13200815678387517, -0.9870267421428733, -7.578377855234453, -5.808366575070575]
[90, 90, 0, 90, 90, 0, -0.0834599423473076, -0.18562311750797827, -0.9877473726169586, -10.606283787927106, -4.747041603527847]
[90, 90, 0, 90, 180, 0, -0.05438124210415056, -0.17977421270171248, -0.9858256913527312, -10.319488887186601, -3.106290798047251]
[90, 90, 0, 90, 180, 180, -0.007953065245328406, -0.1044695633210404, -0.989188633565129, -6.028544076568376, -0.45809990879113033]
[90, 90, 0, 90, 180, 90, -0.040208430220931166, -0.1103184681273062, -0.9843844304045608, -6.38908686367672, -2.3244831871103897]
[90, 90, 0, 90, 180, 0, -0.062200724522478504, -0.15589118474279381, -1.0007187211504924, -8.83754163619797, -3.5144250509140864]
[90, 90, 0, 0, 180, 0, -0.008441782896473904, -0.1251844345098984, -0.9971155687800664, -7.155594572309536, -0.4812881081089153]
[90, 90, 0, 0, 0, 0, -0.06049021274346927, -0.17319419479466347, -0.9795802272439929, -10.007856412253076, -3.479759695328236]
[90, 90, 0, 0, 0, 180, -0.04876098911597735, -0.10422585895411267, -0.9903896843552711, -6.00032134316887, -2.8031779339767673]
[90, 90, 0, 0, 0, 90, -0.0773509717079889, -0.11884812096977715, -0.9927917859355551, -6.806018849508276, -4.423604769225104]
[90, 90, 0, 0, 0, 0, -0.046317400860249866, -0.1610089764482764, -0.9740553936093395, -9.375575986990002, -2.6860325595204873]
[90, 90, 0, 0, 90, 0, -0.04362945377894964, -0.16880751618996412, -0.9793400170859643, -9.770391403539282, -2.5138100104229664]
[90, 90, 0, 0, 90, 180, -0.04216330082551315, -0.10105770218405202, -0.9954340976738676, -5.79171987763605, -2.413021889505081]
[90, 90, 0, 0, 90, 90, -0.055847395057587054, -0.1044695633210404, -0.9935124164096403, -5.9932999855419915, -3.199724923010202]
[90, 90, 0, 0, 90, 0, -0.029212283070157496, -0.1656393594199035, -0.9875071624589302, -9.517772492700864, -1.671089235919217]
[90, 90, 0, 0, 180, 0, -0.003065888733873437, -0.1385881746909242, -0.9870267421428733, -7.992596486742355, -0.17624197494273547]
[90, 90, 0, 0, 180, 180, 0.008907693719191229, -0.07814949169284435, -0.991590735145413, -4.506113248239662, 0.5130967076870075]
[90, 90, 0, 0, 180, 90, -0.0015997357804369422, -0.10130140655097977, -0.995193887515839, -5.8121469567028425, -0.09162720997682275]
[90, 90, 0, 0, 180, 0, -0.010641012326628632, -0.14858005373496158, -0.9985568297282368, -8.46274622632394, -0.6038951493323138]
[90, 90, 90, 0, 180, 0, -0.020904083000684054, -0.1332266786185139, -0.9721337123451124, -7.801743309889627, -1.2204543287395082]
[90, 90, 90, 180, 180, 0, -0.035076894883903455, -0.13468890482008034, -1.0009589313085208, -7.6590346924484045, -1.9890990805448743]
[90, 90, 90, 180, 0, 0, -0.12793324860154776, -0.165151950686048, -0.9788595967699076, -9.497399424484106, -7.343506063961759]
[90, 90, 90, 180, 0, 180, -0.09958762483510898, -0.11226810306272814, -0.9733347631352542, -6.545761027407074, -5.803726361627825]
[90, 90, 90, 180, 0, 90, -0.14039554870575793, -0.1497985755696003, -0.9769379155056803, -8.630231557443667, -8.084753490062711]
[90, 90, 90, 180, 0, 0, -0.13599708984544845, -0.18196755200406214, -0.9709326615549703, -10.514640703137397, -7.838723286760773]
[90, 90, 90, 180, 90, 0, -0.12988811920612975, -0.18976609174574988, -0.9846246405625894, -10.817347953632156, -7.3805753632697915]
[90, 90, 90, 180, 90, 180, -0.09543352480037226, -0.1144614423650778, -0.9894288437231573, -6.568676619306179, -5.473038664884253]
[90, 90, 90, 180, 90, 90, -0.13428657806643923, -0.14711782753339514, -0.9793400170859643, -8.465125827795239, -7.722095565829964]
[90, 90, 90, 180, 90, 0, -0.12475658386910204, -0.17831198650014604, -0.9822225389823052, -10.209102598193653, -7.123434126203383]
[90, 90, 90, 180, 180, 0, -0.07221943637096118, -0.15686600221050478, -0.9959145179899243, -8.928025793985498, -4.097245362160484]
[90, 90, 90, 180, 180, 180, -0.07881712466142538, -0.10105770218405202, -0.9963949383059811, -5.7734135580986505, -4.499820523455701]
[90, 90, 90, 180, 180, 90, -0.0683096951617972, -0.10057029345019655, -0.9913505249873846, -5.779100503069603, -3.921709299265589]
[90, 90, 90, 180, 180, 0, -0.06611046573164248, -0.13493260918700806, -0.9956743078318959, -7.700887539848521, -3.764421156558513]
[90, 90, 90, 90, 180, 0, -0.07368558932439767, -0.15857193277899898, -0.9947134671997824, -9.033233920073135, -4.183934419288785]
[90, 90, 90, 90, 0, 0, -0.11962504853207434, -0.16417713321833705, -0.9620448857079194, -9.611853623683134, -6.988031960804619]
[90, 90, 90, 90, 0, 180, -0.09787711305609974, -0.11592366856664425, -0.9718935021870838, -6.7679684547312995, -5.710526963283461]
[90, 90, 90, 90, 0, 90, -0.10765146607900966, -0.14955487120267255, -0.9865463218268165, -8.569976619570095, -6.157646924457305]
[90, 90, 90, 90, 0, 0, -0.11376043671832838, -0.18123643890327892, -0.976697705347652, -10.44323143560473, -6.533031480618995]
[90, 90, 90, 90, 90, 0, -0.10178685426526371, -0.18757275244340021, -0.9793400170859643, -10.78581216295514, -5.82848939559364]
[90, 90, 90, 90, 90, 180, -0.09518916597479951, -0.10373845022025718, -0.9942330468837255, -5.929776644500548, -5.4395519646924]
[90, 90, 90, 90, 90, 90, -0.08101635409158012, -0.13639483538857453, -0.996875358622038, -7.765677865807505, -4.603530445621093]
[90, 90, 90, 90, 90, 0, -0.10520787782328218, -0.17587494283086863, -0.9817421186662485, -10.099929799173841, -6.0215862145254695]
[90, 90, 90, 90, 180, 0, -0.07124200106867018, -0.1539415498073719, -1.0014393516245776, -8.71742628557768, -4.022058753743681]
[90, 90, 90, 90, 180, 180, -0.03312202427932147, -0.11714219040128296, -0.9908701046713277, -6.738571593320073, -1.901294612221729]
[90, 90, 90, 90, 180, 90, -0.046073042034677124, -0.10641919825646234, -0.9882277929330154, -6.139702000738419, -2.6539824056307375]
[90, 90, 90, 90, 180, 0, -0.0353212537094762, -0.15199191487194996, -1.0009589313085208, -8.628905376066855, -1.9980962207846076]
[90, 90, 90, 0, 180, 0, -0.030922794849166733, -0.14078151399327388, -0.9903896843552711, -8.086369065764956, -1.7705698540091388]
[90, 90, 90, 0, 0, 0, -0.0424076596510859, -0.17075715112538606, -0.974295603767368, -9.931603093406089, -2.4549385912500705]
[90, 90, 90, 0, 0, 180, -0.06391123630148773, -0.09788954541399139, -0.9925515757775267, -5.6209661353187945, -3.666498055360386]
[90, 90, 90, 0, 0, 90, -0.05804662448774178, -0.1290837043807423, -0.9877473726169586, -7.432820726755546, -3.3349216808815916]
[90, 90, 90, 0, 0, 0, -0.08101635409158012, -0.16271490701677058, -1.000478510992464, -9.207916545771745, -4.569789808209281]
[90, 90, 90, 0, 90, 0, -0.05193765384842308, -0.1634460201175538, -0.9800606475600495, -9.455129421897192, -2.9922641911985797]
[90, 90, 90, 0, 90, 180, -0.03971971256978567, -0.08960359693844819, -0.9978361992541516, -5.127239218075952, -2.2703776520260486]
[90, 90, 90, 0, 90, 90, -0.055358677406441556, -0.11373032926429458, -0.9764574951896234, -6.632886696362222, -3.2230762521516363]
[90, 90, 90, 0, 90, 0, -0.0678209775106517, -0.1617400895490596, -0.9774183358217372, -9.373841964761565, -3.916183660613238]
[90, 90, 90, 0, 180, 0, -0.003310247559446186, -0.13639483538857453, -0.991590735145413, -7.831931774636594, -0.1894867854869413]
[90, 90, 90, 0, 180, 180, -0.03190023015145772, -0.08667914453531529, -0.9973557789380947, -4.964509501156403, -1.825094813039233]
[90, 90, 90, 0, 180, 90, -0.004287682861737183, -0.09009100567230367, -0.9987970398862651, -5.154056472745059, -0.24496601848022845]
[90, 90, 90, 0, 180, 0, -0.023836388907557036, -0.13931928779170744, -0.9723739225031407, -8.151287153031639, -1.390055102914233]
[90, 90, 180, 0, 180, 0, -0.05486995975529606, -0.11275551179658361, -0.9923113656194982, -6.472862609053522, -3.144757242593911]
[90, 90, 180, 180, 180, 0, -0.1098506955091644, -0.11884812096977715, -1.0009589313085208, -6.731230621960872, -6.2195465830665535]
[90, 90, 180, 180, 0, 0, -0.1838914196577071, -0.14882375810188933, -0.960123204443692, -8.65611426049985, -10.717523620008816]
[90, 90, 180, 180, 0, 180, -0.1887785961691621, -0.11543625983278877, -0.9798204374020212, -6.598990709906439, -10.832225382299963]
[90, 90, 180, 180, 0, 90, -0.16018861357715053, -0.1115369899619449, -0.9788595967699076, -6.415960683671192, -9.235248452435828]
[90, 90, 180, 180, 0, 0, -0.15065861937981334, -0.15735341094436028, -0.9803008577180781, -9.014994482081482, -8.62844776987933]
[90, 90, 180, 180, 90, 0, -0.14699323699622213, -0.17538753409701313, -0.9620448857079194, -10.215935179224342, -8.548415127026622]
[90, 90, 180, 180, 90, 180, -0.15676759001913204, -0.1144614423650778, -0.985105060878646, -6.545957726578652, -8.98267360672725]
[90, 90, 180, 180, 90, 90, -0.15652323119355932, -0.12079775590519908, -0.9824627491403337, -6.923118157047137, -8.985579243573117]
[90, 90, 180, 180, 90, 0, -0.15310220763554083, -0.15077339303731127, -0.9586819434955216, -8.827716891450443, -8.96518298370721]
[90, 90, 180, 180, 180, 0, -0.12280171326452005, -0.12299109520754875, -0.9728543428191976, -7.1491391072709245, -7.1380734945994515]
[90, 90, 180, 180, 180, 180, -0.09274557771907203, -0.08570432706760432, -0.9947134671997824, -4.903269585999739, -5.30722162191541]
[90, 90, 180, 180, 180, 90, -0.08712532473089882, -0.09520879737778623, -0.9908701046713277, -5.467509495458534, -5.002065471058763]
[90, 90, 180, 180, 180, 0, -0.10789582490458241, -0.13176445241694745, -0.9855854811947029, -7.570110498791084, -6.192845531535255]
[90, 90, 180, 90, 180, 0, -0.10716274842786418, -0.12664666071146485, -0.9901494741972425, -7.247064746538991, -6.127478264502421]
[90, 90, 180, 90, 0, 0, -0.15872246062371403, -0.151017097404239, -0.974295603767368, -8.697929935833011, -9.145438241163507]
[90, 90, 180, 90, 0, 180, -0.1853575726111436, -0.10909994629266749, -0.9853452710366746, -6.210149046410788, -10.590413346608837]
[90, 90, 180, 90, 0, 90, -0.14674887817064938, -0.10763772009110105, -0.9846246405625894, -6.171088875757175, -8.427508737714277]
[90, 90, 180, 90, 0, 0, -0.166541943042042, -0.1517482105050222, -0.9738151834513111, -8.732301787855118, -9.5912766722925]
[90, 90, 180, 90, 90, 0, -0.13282042511300274, -0.15589118474279381, -0.9973557789380947, -8.807187367223937, -7.495635373276111]
[90, 90, 180, 90, 90, 180, -0.15627887236798654, -0.09788954541399139, -0.9829431694563904, -5.617139204414375, -8.990146059046323]
[90, 90, 180, 90, 90, 90, -0.13453093689201198, -0.10544438078875137, -0.979099806927936, -6.090007964653152, -7.7791769175720775]
[90, 90, 180, 90, 90, 0, -0.14406093108934914, -0.15418525417429965, -0.9735749732932828, -8.903832974460355, -8.314888843879265]
[90, 90, 180, 90, 180, 0, -0.10618531312557318, -0.12445332140911519, -0.989188633565129, -7.1303677239929275, -6.0794391944264845]
[90, 90, 180, 90, 180, 180, -0.10740710725343693, -0.07327540435428952, -0.9903896843552711, -4.2068238282528405, -6.172758672143117]
[90, 90, 180, 90, 180, 90, -0.08688096590532607, -0.09009100567230367, -0.9786193866118791, -5.239291996626369, -5.052115992773865]
[90, 90, 180, 90, 180, 0, -0.09127942476563554, -0.14833634936803386, -0.9831833796144189, -8.543512387698618, -5.245150457530739]
[90, 90, 180, 0, 180, 0, -0.062689442173624, -0.11592366856664425, -0.9925515757775267, -6.648471049436551, -3.5896588296584966]
[90, 90, 180, 0, 0, 0, -0.09689967775380876, -0.10593178952260686, -0.9906298945132994, -6.074884703868759, -5.555212951902792]
[90, 90, 180, 0, 0, 180, -0.10007634248625447, -0.09106582314001463, -0.9882277929330154, -5.238331741006335, -5.758311571526778]
[90, 90, 180, 0, 0, 90, -0.10862890138130066, -0.10178881528483526, -0.9930319960935834, -5.818085223626938, -6.210542954519647]
[90, 90, 180, 0, 0, 0, -0.10911761903244616, -0.14321855766255126, -0.9858256913527312, -8.216486284659451, -6.251065975496336]
[90, 90, 180, 0, 90, 0, -0.10838454255572791, -0.14638671443261192, -0.9903896843552711, -8.35865942409446, -6.178781253255456]
[90, 90, 180, 0, 90, 180, -0.11400479554390112, -0.08058653536212176, -0.9911103148293563, -4.618138053525432, -6.5403468626970005]
[90, 90, 180, 0, 90, 90, -0.08101635409158012, -0.09959547598248558, -0.9754966545575099, -5.809674942484387, -4.7231576664571495]
[90, 90, 180, 0, 90, 0, -0.09616660127709051, -0.14005040089249066, -0.9834235897724473, -8.067085063759608, -5.529617523814096]
[90, 90, 180, 0, 180, 0, -0.05389252445300506, -0.10373845022025718, -0.9735749732932828, -6.072926064726797, -3.150592038869044]
[90, 90, 180, 0, 180, 180, -0.0683096951617972, -0.051342011330792796, -1.0024001922566912, -2.9253019588436584, -3.8933706433690487]
[90, 90, 180, 0, 180, 90, -0.05829098331331453, -0.08253617029754369, -0.9877473726169586, -4.768281334947762, -3.365637175099315]
[90, 90, 180, 0, 180, 0, -0.05926841861560553, -0.12810888691303132, -1.0009589313085208, -7.280800994945626, -3.361266420876686]
[90, 0, 180, 0, 180, 0, -0.09812147188167249, -0.0908221187730869, -0.9877473726169586, -5.227914158532467, -5.6493960134015015]
[90, 0, 0, 0, 180, 0, -0.06049021274346927, -0.13225186115080292, -0.9927917859355551, -7.573935254410733, -3.4562310057983683]
[90, 0, 0, 180, 180, 0, -0.07417430697554317, -0.13785706159014097, -0.9911103148293563, -7.896862829779369, -4.23935278975908]
[90, 0, 0, 180, 0, 0, -0.13599708984544845, -0.2004890838905705, -0.969010980290743, -11.579225168315165, -7.825446464338756]
[90, 0, 0, 180, 0, 180, -0.15505707824012283, -0.13249556551773067, -0.9764574951896234, -7.632786782371368, -8.942370583694862]
[90, 0, 0, 180, 0, 90, -0.17191783720464243, -0.13590742665471905, -1.0007187211504924, -7.623671759217979, -9.660943788515052]
[90, 0, 0, 180, 0, 0, -0.15285784880996808, -0.17831198650014604, -0.9735749732932828, -10.255868092168948, -8.779276942971281]
[90, 0, 0, 180, 90, 0, -0.13599708984544845, -0.17977421270171248, -0.9757368647155382, -10.341582113471674, -7.8049935485479125]
[90, 0, 0, 180, 90, 180, -0.14845938994965863, -0.11494885109893328, -0.9781389662958224, -6.627324812844148, -8.572231204952775]
[90, 0, 0, 180, 90, 90, -0.14821503112408588, -0.12323479957447649, -0.9817421186662485, -7.075373346507643, -8.519328531918433]
[90, 0, 0, 180, 90, 0, -0.15432400176340458, -0.18416089130641183, -0.9841442202465325, -10.473951702910407, -8.762323592089897]
[90, 0, 0, 180, 180, 0, -0.08663660707975332, -0.16027786334749317, -0.979099806927936, -9.261259948086902, -4.990619436852326]
[90, 0, 0, 180, 180, 180, -0.09347865419579027, -0.10105770218405202, -0.972614132661169, -5.90491171303882, -5.460658763148579]
[90, 0, 0, 180, 180, 90, -0.11156120728817365, -0.10593178952260686, -0.9887082132490721, -6.077159957016505, -6.4014278313295225]
[90, 0, 0, 180, 180, 0, -0.0707532834175247, -0.16149638518213189, -0.9870267421428733, -9.26897349134625, -4.0465094819812135]
[90, 0, 0, 90, 180, 0, -0.08785840120761707, -0.14858005373496158, -0.9841442202465325, -8.551823314412795, -5.044626734126121]
[90, 0, 0, 90, 0, 0, -0.14332785461263092, -0.15710970657743253, -0.9752564443994816, -9.05584694396882, -8.25564007860472]
[90, 0, 0, 90, 0, 180, -0.12817760742712053, -0.11494885109893328, -0.9935124164096403, -6.545969765673334, -7.3031962886696995]
[90, 0, 0, 90, 0, 90, -0.13477529571758473, -0.13078963494923646, -0.9839040100885041, -7.502643226154911, -7.732654710932938]
[90, 0, 0, 90, 0, 0, -0.15065861937981334, -0.17709346466550732, -0.9783791764538508, -10.142823909709648, -8.616239731313652]
[90, 0, 0, 90, 90, 0, -0.1330647839385755, -0.18489200440719505, -0.9870267421428733, -10.51682356501903, -7.548230211300965]
[90, 0, 0, 90, 90, 180, -0.1174258191019196, -0.10422585895411267, -0.9865463218268165, -5.98880464329243, -6.750600701433665]
[90, 0, 0, 90, 90, 90, -0.13990683105461243, -0.12542813887682616, -0.9723739225031407, -7.275979620380787, -8.121247098509219]
[90, 0, 0, 90, 90, 0, -0.1184032544042106, -0.17173196859309703, -0.9747760240834247, -9.920150043402057, -6.821584261450073]
[90, 0, 0, 90, 180, 0, -0.09983198366068173, -0.1439496707633345, -0.9865463218268165, -8.260002008780996, -5.718142367576196]
[90, 0, 0, 90, 180, 180, -0.07099764224309743, -0.07571244802356693, -0.9918309453034415, -4.354168840774871, -4.08254855152193]
[90, 0, 0, 90, 180, 90, -0.07466302462668867, -0.10081399781712429, -0.9956743078318959, -5.765529524250309, -4.2667011835748125]
[90, 0, 0, 90, 180, 0, -0.08981327181219904, -0.15418525417429965, -0.9718935021870838, -8.976895761159442, -5.214892797872683]
[90, 0, 0, 0, 180, 0, -0.041430224348794904, -0.13176445241694745, -0.9894288437231573, -7.579010190799421, -2.3767790801886703]
[90, 0, 0, 0, 0, 0, -0.08810276003318981, -0.1697823336576751, -0.9781389662958224, -9.808181497996209, -5.071419626004957]
[90, 0, 0, 0, 0, 180, -0.09812147188167249, -0.09155323187387011, -1.0014393516245776, -5.198796313596705, -5.572910690443324]
[90, 0, 0, 0, 0, 90, -0.09445608949808126, -0.10690660699031782, -0.9738151834513111, -6.235878821493396, -5.507243631099538]
[90, 0, 0, 0, 0, 0, -0.1093619778580189, -0.14687412316646742, -0.9997578805183789, -8.308658073217469, -6.176896835205145]
[90, 0, 0, 0, 90, 0, -0.08443737764959859, -0.1563785934766493, -0.9863061116687881, -8.976941436626225, -4.833065696003576]
[90, 0, 0, 0, 90, 180, -0.096655318928236, -0.0766872654912779, -0.996875358622038, -4.378512632029398, -5.521776233645001]
[90, 0, 0, 0, 90, 90, -0.09641096010266326, -0.0766872654912779, -0.9923113656194982, -4.3984879932265, -5.532929155773952]
[90, 0, 0, 0, 90, 0, -0.08419301882402584, -0.16490824631912027, -0.9800606475600495, -9.516900076907335, -4.842253131284844]
[90, 0, 0, 0, 180, 0, -0.04387381260452239, -0.13444520045315259, -0.972614132661169, -7.862270554943186, -2.558518616364019]
[90, 0, 0, 0, 180, 180, -0.06122328922018751, -0.07181317815272306, -0.9942330468837255, -4.123500263179919, -3.5146004564643207]
[90, 0, 0, 0, 180, 90, -0.05462560092972331, -0.09813324978091913, -1.0011991414665493, -5.589744805099492, -3.1081065956030596]
[90, 0, 0, 0, 180, 0, -0.056336112708732546, -0.13127704368309195, -0.9913505249873846, -7.531346698344268, -3.224397881245566]
[90, 0, 90, 0, 180, 0, -0.06757661868507897, -0.12250368647369327, -0.9971155687800664, -6.9882773785040655, -3.848280272809333]
[90, 0, 90, 180, 180, 0, -0.13648580749659395, -0.1497985755696003, -0.9793400170859643, -8.614495051685562, -7.843855649606591]
[90, 0, 90, 180, 0, 0, -0.13379786041529373, -0.18489200440719505, -0.979099806927936, -10.59750662997096, -7.647968523759875]
[90, 0, 90, 180, 0, 180, -0.16018861357715053, -0.1215288690059823, -0.9841442202465325, -6.949096351797893, -9.176424918699265]
[90, 0, 90, 180, 0, 90, -0.14699323699622213, -0.15004227993652802, -0.9824627491403337, -8.588999800413713, -8.413182002495383]
[90, 0, 90, 180, 0, 0, -0.16018861357715053, -0.17197567296002475, -0.9582015231794647, -10.038556534246831, -9.34412301890858]
[90, 0, 90, 180, 90, 0, -0.14821503112408588, -0.15735341094436028, -0.9841442202465325, -8.98441424231777, -8.458694685101431]
[90, 0, 90, 180, 90, 180, -0.15823374297256854, -0.12250368647369327, -0.9834235897724473, -7.011412300466821, -9.071665393719517]
[90, 0, 90, 180, 90, 90, -0.16189912535615977, -0.12006664280441585, -0.9771781256637087, -6.911577657198372, -9.33834720877184]
[90, 0, 90, 180, 90, 0, -0.16385399596074174, -0.17563123846394088, -0.9711728717129986, -10.110944629566577, -9.426524418107839]
[90, 0, 90, 180, 180, 0, -0.09787711305609974, -0.1385881746909242, -0.9947134671997824, -7.894020953999986, -5.5662376654020145]
[90, 0, 90, 180, 180, 180, -0.06635482455721523, -0.09569620611164172, -0.9918309453034415, -5.498872805293757, -3.809821503547195]
[90, 0, 90, 180, 180, 90, -0.10251993074198196, -0.09862065851477461, -0.9937526265676686, -5.637785728446014, -5.8614588653216]
[90, 0, 90, 180, 180, 0, -0.10960633668359165, -0.15954675024670995, -0.9846246405625894, -9.148558629937801, -6.270768392646443]
[90, 0, 90, 90, 180, 0, -0.10471916017213669, -0.13517631355393583, -0.9846246405625894, -7.773805630122131, -6.014837992811107]
[90, 0, 90, 90, 0, 0, -0.16360963713516902, -0.1556474803758661, -0.975016234241453, -8.946907025662236, -9.408641155125045]
[90, 0, 90, 90, 0, 180, -0.15530143706569557, -0.11836071223592166, -0.9805410678761064, -6.798909405209805, -8.936132514797034]
[90, 0, 90, 90, 0, 90, -0.14723759582179488, -0.1215288690059823, -0.9810214881921633, -6.98437864900898, -8.471777721557759]
[90, 0, 90, 90, 0, 0, -0.14552708404278564, -0.16953862929074734, -0.979099806927936, -9.719090821509923, -8.331971898141381]
[90, 0, 90, 90, 90, 0, -0.16434271361188724, -0.15881563714592672, -0.9800606475600495, -9.079965019616795, -9.398780143943236]
[90, 0, 90, 90, 90, 180, -0.13453093689201198, -0.10788142445802879, -0.9975959890961232, -6.117113861624986, -7.636303821895041]
[90, 0, 90, 90, 90, 90, -0.12988811920612975, -0.12762147817917585, -0.9879875827749869, -7.298206141815284, -7.42855177983875]
[90, 0, 90, 90, 90, 0, -0.15261348998439533, -0.16539565505297574, -0.9795802272439929, -9.471476232946344, -8.733529432878422]
[90, 0, 90, 90, 180, 0, -0.09934326600953623, -0.1398066965255629, -0.9843844304045608, -8.043028095451211, -5.705856368339351]
[90, 0, 90, 90, 180, 180, -0.08712532473089882, -0.0861917358014598, -0.9877473726169586, -4.967858406340852, -5.021805411983142]
[90, 0, 90, 90, 180, 90, -0.09470044832365401, -0.09569620611164172, -1.0014393516245776, -5.434435301325599, -5.377720276803488]
[90, 0, 90, 90, 180, 0, -0.1032530072187002, -0.16052156771442092, -0.9824627491403337, -9.22944033276651, -5.921589488843127]
[90, 0, 90, 0, 180, 0, -0.05804662448774178, -0.12835259127995907, -0.9978361992541516, -7.317523462507491, -3.3021410883969087]
[90, 0, 90, 0, 0, 0, -0.09958762483510898, -0.15052968867038352, -0.9805410678761064, -8.683749879315474, -5.732597040733206]
[90, 0, 90, 0, 0, 180, -0.08150507174272562, -0.09447768427700301, -0.9959145179899243, -5.401210796997105, -4.65780771823184]
[90, 0, 90, 0, 0, 90, -0.096655318928236, -0.11616737293357199, -0.9987970398862651, -6.603535820084943, -5.49061675318136]
[90, 0, 90, 0, 0, 0, -0.1264670956481113, -0.1534541410735164, -0.9812616983501916, -8.81642097128328, -7.256676328525067]
[90, 0, 90, 0, 90, 0, -0.09494480714922676, -0.14419337513026226, -0.9887082132490721, -8.260058398290441, -5.428170531594074]
[90, 0, 90, 0, 90, 180, -0.09934326600953623, -0.07644356112435016, -0.9935124164096403, -4.378078047323649, -5.693420601965486]
[90, 0, 90, 0, 90, 90, -0.09274557771907203, -0.07327540435428952, -0.9954340976738676, -4.191945075127757, -5.308656271458927]
[90, 0, 90, 0, 90, 0, -0.1103394131603099, -0.15199191487194996, -0.9829431694563904, -8.735981905614766, -6.330263614310528]
[90, 0, 90, 0, 180, 0, -0.07368558932439767, -0.12420961704218746, -0.9800606475600495, -7.202853169604956, -4.26568372250773]
[90, 0, 90, 0, 180, 180, -0.05047150089498659, -0.06352722967717986, -1.0127292290519128, -3.584951442408233, -2.8475080952478318]
[90, 0, 90, 0, 180, 90, -0.05193765384842308, -0.0861917358014598, -0.9954340976738676, -4.942042702188392, -2.9756359012634306]
[90, 0, 90, 0, 180, 0, -0.06391123630148773, -0.13152074805001968, -0.9879875827749869, -7.566992414401451, -3.66893355224264]
[90, 0, 180, 0, 180, 0, -0.09567788362594501, -0.10934365065959524, -1.0009589313085208, -6.206143141513282, -5.428002408964971]
[90, 0, 180, 180, 180, 0, -0.15579015471684104, -0.10373845022025718, -0.98150190850822, -5.9593399255291075, -8.969962000462502]
[90, 0, 180, 180, 0, 0, -0.19171090207603506, -0.17490012536315766, -0.9839040100885041, -9.897341082981589, -10.859669915857081]
[90, 0, 180, 180, 0, 180, -0.1802260372741159, -0.09715843231320817, -0.9721337123451124, -5.612378622425883, -10.45203060213361]
[90, 0, 180, 180, 0, 90, -0.19830859036649925, -0.11202439869580039, -0.985105060878646, -6.361169889853738, -11.310918713868634]
[90, 0, 180, 180, 0, 0, -0.2027070492268087, -0.15126080177116674, -0.9819823288242768, -8.578702368480425, -11.531238961096161]
[90, 0, 180, 180, 90, 0, -0.1943988491573353, -0.14078151399327388, -0.9718935021870838, -8.084175860170939, -11.197210391792513]
[90, 0, 180, 180, 90, 180, -0.16678630186761473, -0.0974021366801359, -0.9759770748735668, -5.618309755794926, -9.650656222543905]
[90, 0, 180, 180, 90, 90, -0.19635371976191726, -0.09764584104706366, -0.976697705347652, -5.597932274798243, -11.312199231291851]
[90, 0, 180, 180, 90, 0, -0.18413577848327986, -0.14882375810188933, -0.972614132661169, -8.550017028530865, -10.599857887244788]
[90, 0, 180, 180, 180, 0, -0.15774502532142304, -0.12835259127995907, -0.9803008577180781, -7.365716220690361, -9.065308927675662]
[90, 0, 180, 180, 180, 180, -0.14063990753133068, -0.055241281201636655, -0.9985568297282368, -3.135554752951494, -8.004905365530252]
[90, 0, 180, 180, 180, 90, -0.14626016051950388, -0.06645168208031277, -0.9853452710366746, -3.816495181440387, -8.42421547189662]
[90, 0, 180, 180, 180, 0, -0.14259477813591265, -0.12225998210676553, -0.9865463218268165, -6.992555616036999, -8.162943353446334]
[90, 0, 180, 90, 180, 0, -0.13428657806643923, -0.13395779171929711, -0.9805410678761064, -7.7082975531791025, -7.7273322236635265]
[90, 0, 180, 90, 0, 0, -0.17998167844854313, -0.17295049042773572, -0.9824627491403337, -9.823705651719024, -10.227291464626884]
[90, 0, 180, 90, 0, 180, -0.17680501371609741, -0.08838507510380948, -0.985105060878646, -5.046720839995629, -10.13515676141789]
[90, 0, 180, 90, 0, 90, -0.17949296079739763, -0.11421773799815006, -0.9829431694563904, -6.5211474717033715, -10.280941160696822]
[90, 0, 180, 90, 0, 0, -0.2046619198313907, -0.14248744456176804, -0.9858256913527312, -8.05493005427234, -11.61093734739633]
[90, 0, 180, 90, 90, 0, -0.18169219022755237, -0.14200003582791257, -0.9685305599746863, -8.19988870288801, -10.515086487831885]
[90, 0, 180, 90, 90, 180, -0.16800809599547847, -0.09715843231320817, -0.979099806927936, -5.585931867654129, -9.690127339062766]
[90, 0, 180, 90, 90, 90, -0.16092169005386878, -0.10178881528483526, -0.9627655161820046, -5.95322076332053, -9.437355999625172]
[90, 0, 180, 90, 90, 0, -0.19073346677374406, -0.14541189696490095, -0.9764574951896234, -8.315226338609925, -10.934906774962528]
[90, 0, 180, 90, 180, 0, -0.15065861937981334, -0.13078963494923646, -0.9793400170859643, -7.519344415124104, -8.66985559748791]
[90, 0, 180, 90, 180, 180, -0.12084684265993807, -0.06133389037483019, -1.0024001922566912, -3.4762845353311285, -6.861549608952107]
[90, 0, 180, 90, 180, 90, -0.10203121309083646, -0.07327540435428952, -0.9894288437231573, -4.213233703450325, -5.8716388607239285]
[90, 0, 180, 90, 180, 0, -0.1381963192756032, -0.10544438078875137, -0.9899092640392142, -6.022209477334618, -7.903274010786785]
[90, 0, 180, 0, 180, 0, -0.08688096590532607, -0.10788142445802879, -0.9920711554614698, -6.182685775666597, -4.975743762001826]
[90, 0, 180, 0, 0, 0, -0.1179145367530651, -0.14589930569875642, -0.9822225389823052, -8.389564107559735, -6.771924586134654]
[90, 0, 180, 0, 0, 180, -0.12524530152024754, -0.07108206505193984, -1.0019197719406345, -4.026862919314325, -7.107634827698712]
[90, 0, 180, 0, 0, 90, -0.12793324860154776, -0.0920406406077256, -0.9853452710366746, -5.292321499721494, -7.365958265986359]
[90, 0, 180, 0, 0, 0, -0.13453093689201198, -0.12177257337291005, -1.0011991414665493, -6.873462510640503, -7.597654982176102]
[90, 0, 180, 0, 90, 0, -0.13355350158972099, -0.13785706159014097, -0.9843844304045608, -7.900623777609039, -7.65248424549951]
[90, 0, 180, 0, 90, 180, -0.1381963192756032, -0.06450204714489083, -0.9733347631352542, -3.753858877597539, -8.063521565508893]
[90, 0, 180, 0, 90, 90, -0.13526401336873023, -0.07035095195115662, -0.9728543428191976, -4.0968118338915, -7.895205785167786]
[90, 0, 180, 0, 90, 0, -0.14137298400804893, -0.12884000001381454, -0.9863061116687881, -7.367876733331091, -8.089174162326893]
[90, 0, 180, 0, 180, 0, -0.08614788942860782, -0.11519255546586103, -0.9949536773578107, -6.579718367261123, -4.91592817640642]
[90, 0, 180, 0, 180, 180, -0.08908019533548081, -0.042324949754466365, -0.9911103148293563, -2.435500802031057, -5.131246624596588]
[90, 0, 180, 0, 180, 90, -0.09567788362594501, -0.04622421962531023, -0.9995176703603503, -2.635812676175872, -5.462121332365494]
[90, 0, 180, 0, 180, 0, -0.09323429537021752, -0.108612537558812, -0.991590735145413, -6.223662468014437, -5.339692317128523]
[90, 0, 180, 0, 180, 0, -0.09323429537021752, -0.108612537558812, -0.991590735145413, -6.223662468014437, -5.339692317128523]
[90, 0, 180, 0, 180, 0, -0.09812147188167249, -0.10983105939345071, -0.9754966545575099, -6.391887649789767, -5.7080192463173285]
[90, 180, 180, 0, 180, 0, -0.05267073032514132, -0.12932740874767001, -0.9913505249873846, -7.4222395632396, -3.0157749872255106]
[90, 180, 0, 0, 180, 0, 0.0015769289520087826, -0.19317795288273826, -0.9762172850315951, -11.193305764326311, 0.09079189467584488]
[90, 180, 0, 180, 180, 0, -0.023592030081984287, -0.19366536161659373, -0.9831833796144189, -11.140213806084539, -1.3486745665109414]
[90, 180, 0, 180, 0, 0, -0.08077199526600737, -0.2319269472242491, -0.9567602622312943, -13.57964197834037, -4.690395749774068]
[90, 180, 0, 180, 0, 180, -0.08199378939387111, -0.17611864719779635, -0.9783791764538508, -10.16966094195544, -4.715086333725472]
[90, 180, 0, 180, 0, 90, -0.096655318928236, -0.19147202231424407, -0.9788595967699076, -11.015471582471717, -5.535036733405249]
[90, 180, 0, 180, 0, 0, -0.10838454255572791, -0.23338917342581558, -0.9646871974462317, -13.518476038128306, -6.232096158196913]
[90, 180, 0, 180, 90, 0, -0.08541481295188959, -0.24313734810292523, -0.9622850958659477, -14.12664809406204, -4.9186409472677814]
[90, 180, 0, 180, 90, 180, -0.10349736604427295, -0.17441271662930216, -0.9831833796144189, -10.005231301726282, -5.917540007779078]
[90, 180, 0, 180, 90, 90, -0.1259783779969658, -0.18294236947177311, -0.9855854811947029, -10.4324567962456, -7.163047521592248]
[90, 180, 0, 180, 90, 0, -0.10960633668359165, -0.22388470311563366, -0.9807812780341347, -12.781754489135947, -6.217937008102778]
[90, 180, 0, 180, 180, 0, -0.025791259512139023, -0.20097649262442596, -0.974295603767368, -11.651451360739483, -1.485109669569095]
[90, 180, 0, 180, 180, 180, -0.020659724175111305, -0.15369784544044415, -0.9973557789380947, -8.758818460789605, -1.172842644010798]
[90, 180, 0, 180, 180, 90, -0.04362945377894964, -0.1593030458797822, -0.9870267421428733, -9.159505783680086, -2.49869932849269]
